PPI_General_Biogrid 
 genes: 11296 
 interactions: 239470
 density: 0.003753791883144162

MI_General_KEGG 
 genes: 1021 
 interactions: 24253
 density: 0.046576789383726065

GI_General_BIOGRID+Rohusher 
 genes: 5239 
 interactions: 17096
 density: 0.001245978683240457

COEX_General_CoexpressDB 
 genes: 11309 
 interactions: 1496130
 density: 0.023398570365226516

