,0,1,2,3,4,5,6,7,8,9
8086,15,24,23,2,8,24,29,24,23,12
51166,21,10,10,24,9,21,1,3,15,12
195827,29,4,6,13,26,11,0,6,24,17
79719,23,27,14,26,1,9,10,11,3,17
22848,23,27,5,26,10,13,12,2,0,17
28971,23,27,5,1,16,13,20,11,3,1
14,2,2,23,19,3,24,22,14,17,16
16,16,13,20,28,23,16,23,18,18,21
132949,11,15,14,20,1,19,26,28,1,9
60496,1,21,21,29,10,13,10,6,14,0
10157,11,15,5,26,16,9,20,2,3,1
26574,28,5,6,27,19,27,3,13,11,10
18,19,3,19,3,4,2,7,15,16,18
23461,20,6,2,8,2,6,6,21,28,2
10351,28,6,21,18,22,4,12,21,1,2
22,19,3,18,3,4,2,7,15,16,18
10057,3,1,26,27,7,23,9,12,9,20
5825,20,6,2,18,2,4,6,21,28,2
5826,22,5,6,17,19,7,14,23,15,8
6059,19,3,18,3,4,2,7,15,16,18
23,11,27,14,1,1,0,26,11,14,9
10061,22,10,16,10,27,3,11,22,13,26
25864,11,15,14,20,1,19,26,28,14,9
11057,0,25,4,4,0,0,10,6,22,19
10006,19,3,19,26,4,9,7,2,3,1
10152,10,27,5,1,16,13,20,2,20,1
25,9,28,9,11,29,8,15,4,4,11
3983,27,1,4,27,7,28,12,12,9,10
29,10,15,14,26,16,9,27,2,3,6
29777,28,5,28,0,19,3,14,12,26,28
30,10,15,5,26,16,9,20,2,20,1
10449,8,7,23,22,11,26,25,4,7,12
80724,10,29,1,26,16,9,27,10,3,6
34,0,25,14,29,1,9,26,6,1,9
36,19,3,18,3,4,2,7,15,16,18
37,1,27,5,1,1,9,20,2,20,17
23527,0,15,4,1,10,0,10,6,22,17
38,23,21,12,20,22,13,9,26,1,9
39,11,15,12,20,1,19,26,28,1,9
64746,7,1,26,27,7,25,19,0,9,20
91452,5,10,11,27,6,12,3,13,19,10
84320,17,23,15,16,24,18,4,18,12,21
65057,11,22,21,5,28,19,26,11,14,24
55331,1,5,26,27,7,28,9,12,9,0
22985,19,29,19,26,16,9,7,2,16,18
47,29,8,6,0,27,28,0,23,11,4
48,28,0,6,4,19,0,12,6,11,19
50,10,15,14,26,16,9,20,2,3,1
55856,3,0,4,0,27,10,3,13,8,0
10965,24,22,12,5,28,19,8,25,13,24
11332,28,2,28,24,6,7,3,13,15,8
10005,27,4,28,27,27,3,3,12,11,0
23597,1,4,8,26,22,25,12,6,0,17
51,11,22,12,5,1,19,9,28,1,9
52,16,17,20,6,23,29,23,18,18,21
53,0,4,5,29,22,13,9,26,0,0
2181,5,6,2,18,2,6,6,21,28,2
2182,11,22,12,20,1,19,8,28,1,9
79611,19,3,18,3,4,2,7,15,16,18
60,28,0,5,27,10,28,10,26,0,17
71,19,3,18,3,4,2,7,15,16,18
86,24,21,21,20,28,19,8,25,13,24
87,1,27,19,26,22,9,9,28,3,1
81,11,15,12,1,1,19,26,11,14,9
55860,1,0,14,27,22,25,9,26,0,0
10121,8,11,13,12,25,1,25,17,25,29
10120,24,0,10,10,19,23,28,22,11,26
10097,10,3,8,26,16,2,7,2,3,18
10096,23,27,5,1,10,13,20,28,0,17
64431,18,6,28,18,25,23,6,22,0,0
93973,18,27,14,1,16,9,21,26,0,17
91,11,15,19,26,1,9,20,2,14,9
92,20,6,2,18,2,4,6,21,28,2
93,28,5,6,29,19,27,3,12,26,10
97,0,27,14,4,0,0,10,26,22,17
98,24,21,21,5,7,3,8,25,13,24
161823,19,3,18,3,4,2,7,15,16,18
102,0,25,28,27,22,13,12,11,0,17
6868,19,3,18,3,4,2,7,15,16,18
8754,1,4,28,1,22,28,10,6,9,17
9510,11,22,21,20,1,19,26,28,1,9
11174,1,1,26,18,25,4,12,21,0,17
56999,20,6,2,8,2,6,6,1,28,2
103,23,27,19,26,1,9,20,2,20,1
23536,24,22,21,5,28,19,8,25,13,24
118,18,18,6,0,22,10,12,23,0,20
120,19,3,18,3,4,2,7,15,16,18
166647,19,3,18,3,4,2,7,15,16,18
9289,0,25,4,29,10,13,10,26,22,19
57211,25,6,16,8,2,6,29,1,28,12
22859,10,29,19,26,16,9,20,2,3,1
23266,1,4,26,29,10,13,10,26,0,17
23284,23,27,5,1,16,28,9,11,3,1
84059,19,3,8,3,4,2,7,15,16,18
128,23,15,8,26,16,9,20,2,20,1
55256,5,4,28,0,19,10,14,13,11,10
51094,3,18,10,24,15,10,19,12,6,8
79602,21,12,16,19,9,26,22,19,17,22
132,1,4,26,18,22,13,12,26,0,17
23394,1,27,8,26,16,25,9,2,0,17
22850,3,24,16,10,27,23,1,22,2,26
84890,12,13,24,19,11,26,22,5,2,7
83440,19,3,18,3,4,2,7,15,16,18
11047,10,27,19,26,16,9,20,2,20,1
158,11,27,14,20,1,19,26,6,1,9
159,7,8,17,14,7,23,14,23,26,8
121536,1,27,19,1,10,28,10,6,20,17
166,29,8,1,13,26,11,0,10,24,6
60312,10,3,19,26,16,9,20,2,3,1
4301,10,27,5,1,10,9,20,2,20,1
3899,28,18,17,14,15,27,19,0,6,10
27125,1,4,5,29,10,0,19,6,0,0
172,23,4,5,1,10,13,10,26,0,17
10939,19,3,18,3,4,2,7,15,16,18
54812,0,4,4,27,22,28,10,26,11,0
175,19,3,18,3,4,2,7,15,16,18
116987,23,15,14,26,16,9,20,28,20,1
60509,0,27,19,26,10,9,10,26,20,17
3267,8,11,13,12,11,1,25,17,25,29
55109,12,13,24,28,18,16,17,7,18,7
178,19,3,18,3,4,2,7,15,16,18
26523,20,6,2,18,2,6,6,21,28,2
27161,5,0,10,2,19,12,14,13,15,16
192669,0,15,19,1,26,0,12,26,24,17
192670,22,18,17,17,27,3,3,8,6,16
10554,23,27,5,1,22,25,9,11,9,17
56894,28,4,28,27,19,10,19,12,22,28
56895,0,1,10,29,22,12,14,23,6,10
55326,11,15,5,1,10,9,20,2,20,9
8540,0,15,5,13,10,13,10,26,9,17
23287,1,4,26,29,17,13,0,13,11,4
57085,10,15,8,26,16,2,20,2,16,1
25909,28,1,28,29,7,28,14,12,9,17
191,27,0,28,29,17,13,11,12,14,10
10768,23,27,5,1,22,13,12,6,0,17
54806,9,9,9,22,8,22,24,20,7,14
10598,19,3,18,3,4,2,7,15,16,18
130872,19,3,8,3,16,9,7,2,20,18
9131,0,27,4,1,0,0,10,11,22,19
51390,22,5,29,0,6,7,28,13,26,4
9255,1,15,1,13,26,13,0,26,24,0
7965,27,18,17,29,17,25,3,0,6,20
9049,0,25,4,4,0,0,12,6,22,19
84962,7,18,17,14,19,12,3,0,6,0
204,19,3,18,3,4,2,7,15,16,18
50808,28,4,4,4,0,0,10,26,11,19
205,22,0,29,24,27,3,3,12,8,16
102157402,18,15,5,20,1,19,21,6,1,9
221264,11,15,5,1,17,19,11,11,1,9
11216,28,5,10,17,17,3,19,12,11,0
11215,3,2,29,10,9,7,3,22,2,26
9590,0,25,4,1,0,0,10,6,22,17
11214,23,27,8,26,10,9,20,2,3,1
8227,11,22,12,1,1,19,26,25,13,9
9472,10,27,14,29,16,9,20,2,0,1
10270,23,15,5,26,22,28,9,2,0,0
26993,11,22,12,20,1,19,26,28,1,9
10142,24,1,6,0,25,27,21,25,14,28
56672,19,3,18,3,4,2,7,15,16,18
79647,10,29,8,26,16,11,27,10,20,6
55122,21,6,2,8,2,3,6,1,28,12
10327,11,22,12,20,1,13,26,28,14,9
231,16,17,10,6,23,7,23,18,18,21
8574,0,0,14,29,22,28,12,26,9,0
207,2,5,10,24,9,20,1,5,15,8
208,10,29,14,13,16,11,27,10,24,6
10000,21,12,22,24,9,24,13,14,2,23
64400,1,27,19,26,16,9,20,2,20,1
210,11,22,21,5,1,19,26,11,1,9
211,7,0,26,29,19,13,12,12,9,0
214,24,22,21,5,28,19,8,25,13,24
5832,23,27,14,1,10,9,20,11,3,1
217,8,11,13,12,25,1,25,17,25,29
224,19,15,5,26,1,9,20,28,20,1
7915,26,9,0,11,8,8,15,20,5,15
4329,11,21,12,20,1,19,26,28,1,0
501,19,3,18,3,4,2,7,15,16,18
223,20,6,2,8,2,6,6,1,28,2
226,16,17,20,6,23,29,23,18,18,21
79868,16,17,20,6,23,29,23,18,18,21
85365,10,27,5,1,16,9,20,2,3,1
10195,8,11,13,12,25,1,25,17,25,29
29880,19,3,18,3,4,2,7,15,16,18
79053,19,3,18,3,4,2,7,15,16,18
54890,20,6,2,8,2,6,28,1,28,2
84266,7,1,28,0,17,27,19,13,9,10
7840,3,4,26,17,25,27,12,26,22,17
57679,0,25,4,1,0,0,10,26,1,19
10189,28,0,10,27,19,3,28,5,11,10
262,23,21,12,5,28,19,26,25,1,0
267,21,24,29,25,14,6,18,24,17,22
9949,4,20,0,7,29,14,16,9,21,11
83607,10,27,8,26,16,9,20,2,3,1
196394,10,29,19,26,16,9,27,10,3,6
154796,11,21,14,20,1,19,26,11,1,9
154810,1,4,5,1,22,28,12,6,14,17
51421,3,0,6,27,27,3,28,5,26,28
280,29,25,5,29,10,13,0,11,24,17
51321,2,2,29,19,9,21,29,3,19,16
201283,20,10,2,2,2,20,22,16,17,2
10393,22,2,11,2,14,24,1,22,17,8
51529,11,15,5,1,1,19,26,28,1,9
25847,24,1,3,18,6,27,11,13,11,2
25906,5,2,10,2,19,12,4,16,8,21
119504,6,7,16,0,11,23,22,16,13,26
29945,22,0,6,0,6,27,28,13,26,0
51433,27,18,29,24,15,25,3,13,26,16
51434,1,15,26,29,10,25,10,26,0,17
90806,11,15,5,26,10,25,26,2,0,17
287,1,15,14,1,22,19,26,11,1,9
288,8,7,13,10,11,23,11,22,26,26
63926,1,22,6,18,22,4,14,21,11,0
51479,11,1,12,20,17,28,9,11,14,9
54467,10,15,8,26,16,9,27,2,20,1
23141,21,7,23,22,8,20,13,19,2,22
57037,25,28,22,22,12,26,22,19,7,22
57763,0,25,4,29,0,0,12,26,11,19
55608,3,10,10,24,19,20,28,12,26,16
29123,29,8,1,13,26,11,0,10,24,6
23253,18,22,28,18,25,4,21,17,0,28
88455,24,21,21,27,17,13,26,28,0,28
81573,23,27,5,26,10,13,20,2,0,1
26057,2,8,11,2,19,12,28,12,26,16
22852,1,27,5,1,22,13,9,26,20,17
23243,19,3,18,3,4,2,7,15,16,18
147463,10,29,19,26,16,11,27,10,3,6
375248,9,26,9,9,21,8,15,14,5,15
57730,29,29,19,13,26,11,27,10,24,6
84832,10,3,8,3,4,2,7,15,16,18
400986,1,25,12,20,10,19,21,25,1,0
51239,1,27,5,20,25,9,21,28,14,9
157567,3,0,26,29,7,28,14,26,9,0
54851,11,22,12,20,10,19,8,28,14,9
57182,19,3,18,3,4,2,7,15,16,18
129138,27,1,26,27,17,13,28,13,26,10
22881,12,13,24,28,18,16,17,7,18,21
23294,1,4,6,29,22,13,14,23,0,17
124401,19,3,18,3,4,2,7,15,3,18
55139,24,21,12,10,17,23,11,22,0,26
54443,0,4,4,29,22,0,10,13,11,19
55129,19,15,8,26,16,2,20,2,3,1
121601,16,17,20,6,23,29,23,18,18,21
203859,28,0,28,24,17,12,3,12,6,10
196527,10,29,8,26,4,9,27,2,20,18
8125,29,8,1,13,26,11,0,23,11,4
10541,19,3,18,3,4,2,7,15,16,18
23520,18,11,2,0,2,10,6,16,25,2
81611,12,17,20,6,23,29,23,18,18,29
84168,7,27,5,29,10,25,9,0,6,20
118429,21,28,23,22,8,26,24,19,7,14
311,29,8,1,27,10,28,0,6,24,4
302,1,15,12,27,22,28,9,6,9,0
304,24,22,12,5,28,19,8,25,13,24
307,8,11,13,12,25,1,21,17,25,29
308,1,25,6,27,22,28,10,26,0,0
309,10,15,8,26,16,9,20,2,3,1
310,20,1,13,18,19,4,12,21,9,2
55435,11,15,21,18,22,4,12,28,14,0
164,24,21,12,1,28,23,11,22,9,0
8906,10,3,8,3,4,2,7,15,16,18
8907,1,1,6,29,22,25,9,26,0,17
8905,22,5,16,10,27,23,22,22,26,26
160,7,1,26,27,10,25,19,6,9,28
161,14,16,3,23,20,15,2,27,10,27
163,11,21,21,1,28,19,26,25,14,9
1173,24,0,21,5,7,3,8,25,8,10
1175,10,29,19,26,16,2,27,10,3,6
8546,11,15,12,1,22,19,9,28,1,9
8943,20,6,11,8,2,20,6,16,28,2
26985,11,27,12,20,22,28,26,28,14,9
10947,10,27,8,26,16,9,20,2,3,1
1176,2,5,29,19,9,12,22,8,15,8
10239,23,15,14,26,10,9,20,28,0,1
23431,29,29,19,13,16,11,27,10,20,1
9179,19,29,8,3,4,2,27,15,3,6
11154,20,6,2,8,2,6,6,1,28,2
55745,1,1,6,29,22,25,9,0,0,0
317,1,1,6,29,22,9,0,26,0,17
321,19,3,18,3,4,2,7,15,16,18
322,11,15,14,1,1,19,10,28,14,9
323,6,2,23,19,11,24,18,24,17,12
324,24,22,21,20,28,19,8,6,14,9
327,11,27,19,1,16,9,20,2,20,1
328,23,27,4,26,16,9,20,2,22,1
51107,23,25,14,20,22,0,10,26,14,0
8539,22,0,29,24,19,12,3,3,15,10
51074,18,11,13,12,25,1,21,17,25,29
333,23,15,5,26,1,9,20,2,3,1
334,16,17,20,6,23,29,14,18,18,21
57136,2,5,16,24,14,24,3,12,8,10
348,14,7,3,23,7,12,11,3,26,26
23780,20,6,2,18,19,10,6,13,28,2
79135,19,3,18,3,4,9,7,15,20,1
139322,26,26,9,11,13,22,15,20,21,11
84334,24,22,21,5,28,19,8,25,1,24
351,19,3,18,3,4,2,7,15,16,18
10513,25,6,2,8,2,6,6,1,28,12
26060,7,4,6,29,10,27,19,26,11,28
55198,10,29,8,26,16,9,7,15,3,18
353,10,29,8,26,16,2,27,10,3,6
54840,3,5,16,2,19,10,3,12,8,16
9716,7,1,17,14,10,25,9,0,9,0
372,5,2,10,0,6,7,14,16,8,8
375,23,4,26,29,10,9,10,11,0,17
377,23,29,8,13,10,11,27,10,3,6
378,7,18,17,14,17,25,19,0,9,20
382,19,3,8,3,4,2,7,15,16,18
55738,5,10,29,17,6,12,1,16,26,2
84364,16,17,20,6,23,29,4,18,18,21
26286,10,29,1,13,26,11,27,10,24,6
10565,19,3,18,3,4,2,7,15,16,18
10564,27,1,6,29,22,28,28,6,9,28
57221,11,22,5,20,1,19,26,28,14,9
27236,1,25,5,29,22,0,9,11,0,17
384,11,22,14,20,1,13,9,28,14,9
55082,15,26,0,11,13,22,15,4,5,3
94134,29,8,1,17,26,11,0,23,11,4
55114,29,8,1,13,26,11,0,23,24,4
57584,3,4,28,24,19,4,19,21,28,28
83478,11,27,5,1,1,19,26,28,14,9
23092,2,24,23,19,14,7,29,19,17,16
79822,14,21,3,23,10,19,11,28,1,17
9411,5,5,16,24,15,12,28,3,6,8
9743,23,4,5,29,22,28,10,21,0,0
2909,19,3,18,3,4,2,7,15,16,18
394,5,10,6,0,6,7,14,23,8,16
396,1,25,4,20,1,0,26,28,1,9
9138,6,12,16,25,3,24,18,8,15,23
23365,6,7,16,10,9,24,22,22,15,8
9181,29,27,14,0,22,9,20,11,20,17
26084,9,9,0,11,21,22,15,4,5,15
55701,3,10,26,27,6,25,3,13,6,10
8874,23,27,5,1,16,9,20,2,3,1
23229,19,3,18,3,4,2,7,15,16,18
8289,10,3,8,26,16,9,27,2,3,1
57492,17,23,25,16,24,17,4,29,12,5
196528,7,0,17,27,10,28,9,6,9,28
1820,20,10,2,18,2,10,6,24,28,28
10620,11,22,21,5,28,19,8,28,14,24
5926,11,1,5,1,17,25,20,28,0,9
51742,29,8,1,13,26,11,0,23,11,4
84159,0,25,4,4,0,0,10,26,22,19
25820,11,27,14,26,1,9,20,28,3,1
10425,5,10,29,4,6,10,14,23,26,10
400,19,3,19,3,4,9,7,15,16,18
285598,5,5,6,2,7,27,28,23,11,28
200894,19,3,18,3,4,2,7,15,16,18
120534,22,2,11,17,27,10,28,23,11,16
339231,29,8,1,13,26,11,0,23,24,4
402,10,3,8,26,4,2,7,15,3,18
23568,16,17,20,6,23,29,23,18,18,21
403,24,22,21,5,28,19,21,25,14,24
10124,22,10,16,2,14,7,13,16,17,8
10123,28,4,4,29,0,28,10,11,9,17
379,11,27,14,26,1,9,20,2,1,1
26225,7,1,26,29,10,28,12,0,9,17
221079,19,3,8,3,4,2,7,15,16,18
23204,23,1,26,27,10,28,9,26,9,20
10550,10,15,5,26,16,9,20,2,3,1
151188,19,3,18,3,4,2,7,15,16,18
127829,24,21,12,5,28,23,26,22,13,9
55207,19,3,18,3,4,2,7,15,16,18
55156,23,15,14,1,1,19,26,28,14,9
83787,10,15,5,1,16,9,20,2,20,1
25852,23,25,19,1,22,13,10,26,22,17
80210,3,0,17,14,6,27,19,13,6,20
51309,22,5,6,17,6,12,28,8,11,16
9823,10,29,8,26,16,9,7,2,3,18
51566,3,5,3,14,19,12,11,0,6,10
100131755,19,3,19,3,16,2,7,15,16,18
79624,28,0,4,27,27,3,3,12,11,28
405,1,4,14,13,7,28,12,26,24,17
10552,17,23,15,16,24,18,4,29,12,5
10095,23,25,5,26,10,28,20,11,20,17
10109,23,27,14,1,22,27,10,6,0,0
10094,24,22,21,5,28,19,8,25,13,24
10093,10,29,8,3,4,9,27,15,3,6
10092,19,3,8,26,4,9,20,2,3,1
81873,25,24,23,8,3,5,29,1,7,12
348110,6,24,29,19,14,20,13,16,17,12
10776,19,3,8,3,4,2,7,15,3,18
409,23,15,19,26,16,9,20,2,20,1
92714,1,15,12,18,22,4,10,26,9,17
57561,0,25,26,27,10,27,12,26,9,17
91947,10,27,19,26,16,9,20,2,3,1
79642,19,3,18,3,4,2,7,15,16,18
153642,23,29,14,13,22,11,20,2,3,6
64801,1,4,5,26,16,9,10,2,3,1
421,24,22,21,5,28,19,8,25,13,24
170302,11,22,21,20,1,19,9,28,1,9
427,11,27,12,20,1,19,20,28,1,9
50807,11,1,5,29,22,25,9,26,0,17
8853,10,3,19,3,16,9,7,15,3,18
51665,18,21,13,12,25,1,14,17,25,29
140461,29,4,5,29,22,13,19,6,11,17
51008,23,27,12,1,1,9,26,28,20,9
84164,1,27,26,18,10,13,12,21,1,0
10973,16,17,20,6,23,29,23,18,18,21
429,3,18,13,2,19,27,14,12,15,10
25842,10,15,4,26,0,2,20,2,20,19
55870,11,22,21,1,1,19,26,6,1,24
9070,7,18,17,14,19,27,19,0,6,10
8623,11,22,12,5,28,19,26,25,14,24
439,2,5,11,2,9,12,1,8,15,16
440,10,27,14,26,16,9,20,2,3,1
54529,13,16,27,15,20,15,2,27,10,27
444,11,15,12,20,1,19,26,28,1,9
259266,7,5,28,27,7,25,19,13,6,28
79058,0,25,4,4,0,0,12,26,22,19
80150,2,7,16,10,14,26,13,24,7,12
55726,14,21,3,23,17,25,11,25,0,20
171023,1,15,5,1,10,9,20,2,3,1
55252,18,11,13,12,11,1,25,17,25,29
80816,10,29,19,26,16,9,27,2,20,1
84896,27,5,6,14,17,27,19,8,8,10
29028,11,22,21,20,1,19,26,28,1,0
54454,18,11,13,12,25,1,21,17,25,29
79915,14,21,3,23,17,23,11,23,0,28
79969,11,27,5,26,1,9,20,2,3,9
11101,24,22,21,5,28,19,8,25,13,24
466,19,3,18,3,16,2,7,15,16,1
1386,29,8,1,13,26,11,0,10,24,4
467,11,27,14,20,1,9,26,28,1,9
468,23,21,12,20,17,13,26,11,1,9
22809,19,3,8,3,4,2,7,15,16,18
22926,12,13,24,28,18,16,17,7,27,7
55729,24,21,21,5,10,28,26,25,14,24
80063,1,1,5,29,22,25,12,23,0,17
60673,0,25,4,4,0,0,12,26,22,19
9140,3,18,28,17,15,27,19,8,11,4
22863,7,4,17,14,17,13,19,0,6,10
64422,11,27,5,20,1,9,26,28,1,9
23192,7,18,17,27,17,13,9,25,13,24
84938,11,27,5,26,1,9,20,2,20,9
9474,0,25,19,4,0,0,10,26,22,19
471,22,2,29,2,19,27,19,13,8,28
51062,28,0,26,27,17,13,9,13,9,0
64225,22,24,16,19,14,24,22,24,17,22
472,22,10,16,17,6,10,3,5,8,23
23300,5,5,10,0,19,12,28,13,26,16
1822,29,29,1,13,26,11,27,10,24,6
475,0,15,26,29,22,0,12,6,11,19
57205,11,15,5,1,1,9,20,6,20,9
23250,5,2,6,17,6,7,0,23,11,4
23200,19,3,8,26,4,9,7,15,20,18
286410,11,22,21,20,1,19,26,11,1,9
23400,1,1,5,29,10,25,9,6,0,20
79572,23,27,5,1,22,13,26,11,1,17
476,1,4,28,1,10,28,9,6,9,17
481,9,28,22,25,12,8,18,4,23,11
483,5,5,10,0,19,12,13,13,8,8
488,3,0,28,29,27,10,28,12,11,28
490,11,15,12,20,1,19,26,11,14,9
493,11,4,5,20,22,19,26,28,14,9
27032,7,18,17,14,7,25,9,0,9,10
498,2,24,16,24,14,24,22,24,17,12
506,19,3,18,3,4,2,7,15,16,18
509,12,13,24,28,6,16,17,7,15,7
513,29,8,1,17,19,7,0,23,24,4
514,21,7,16,10,9,26,1,19,7,22
432369,28,4,17,14,17,27,14,0,6,10
515,10,29,19,26,16,9,20,10,3,1
516,24,21,21,20,28,19,8,25,14,24
517,20,6,2,18,2,6,28,21,28,2
518,18,4,5,27,10,1,21,6,14,17
10476,12,13,24,28,18,16,17,7,18,7
521,10,3,8,3,16,2,20,2,20,1
522,5,1,6,0,27,27,19,13,0,0
9551,29,8,6,0,22,10,14,23,11,4
10632,19,3,18,3,4,2,7,15,16,18
539,17,23,15,16,24,18,4,29,12,5
27109,19,3,18,3,4,2,7,15,16,18
55101,15,24,23,22,12,26,15,4,2,14
537,1,8,5,13,26,13,0,26,0,4
10159,28,0,12,5,19,28,10,13,13,0
535,10,15,8,26,16,9,20,2,3,1
533,1,25,5,29,22,9,12,26,0,17
9114,23,15,14,1,10,9,20,11,3,1
8992,22,24,29,17,12,7,0,8,15,16
155066,15,14,9,9,8,8,24,19,7,3
523,21,24,22,19,9,26,13,24,23,14
526,23,27,26,26,10,9,20,6,0,17
528,6,2,11,0,6,21,1,3,19,16
51382,12,13,24,28,18,16,17,7,27,7
529,24,21,21,5,28,23,8,22,13,24
9296,2,5,16,2,15,7,22,8,26,16
9550,17,23,15,16,24,18,4,29,12,5
51606,1,27,5,26,22,9,20,2,3,17
374868,0,25,4,4,0,0,10,26,22,19
64756,11,27,14,20,1,19,9,28,14,9
93974,29,29,1,13,26,11,27,10,24,6
545,28,1,26,27,17,25,19,6,9,0
51374,19,3,18,3,4,2,7,15,16,18
546,8,11,13,10,11,1,25,5,25,26
6310,11,27,5,20,1,9,26,28,1,9
25814,7,1,26,27,7,13,12,13,9,10
6311,11,15,19,26,1,9,20,28,9,9
11273,1,1,5,1,22,13,20,26,20,17
4287,6,2,29,17,9,12,1,3,15,16
6314,29,27,6,1,22,9,20,26,20,4
127002,10,27,19,26,16,9,20,2,3,1
56970,6,7,16,9,9,21,1,19,17,22
552889,14,21,3,23,28,19,11,25,13,24
549,10,3,8,26,4,2,7,15,16,18
550,1,8,6,29,22,0,0,23,11,4
6790,23,15,5,26,10,28,9,11,9,17
54998,2,24,22,22,8,26,24,19,2,22
26053,19,3,8,3,4,2,7,15,16,18
57099,23,27,19,1,10,9,20,2,9,1
23080,0,0,6,27,6,10,14,12,11,0
64343,19,3,18,3,4,2,7,15,16,18
51582,10,27,8,3,16,9,20,2,3,1
567,29,8,6,17,26,10,0,23,8,4
8706,19,3,8,3,4,2,7,15,16,18
148789,19,3,18,3,4,2,7,15,16,18
8708,24,21,21,5,28,19,8,25,14,24
8707,19,3,18,3,4,2,7,15,16,18
126792,28,2,10,0,14,27,3,13,8,10
26229,11,27,12,20,1,19,26,28,14,9
145173,6,2,29,19,9,20,1,5,2,16
338707,19,3,18,3,4,2,7,15,16,18
8704,3,0,6,29,19,13,12,13,11,0
8702,10,15,14,26,16,9,20,2,20,1
9334,10,29,19,26,16,9,20,2,3,1
11285,1,25,19,4,22,9,12,26,0,17
11041,23,27,14,26,10,13,26,28,1,9
27077,23,29,1,1,26,11,27,10,24,6
80776,9,14,9,7,5,8,16,20,29,15
29086,28,6,2,8,2,6,6,1,28,2
23621,16,17,20,6,23,29,23,18,18,21
571,20,6,13,12,25,4,14,16,0,2
572,16,17,20,6,23,29,23,18,18,21
573,25,12,22,8,8,5,29,1,17,12
9532,10,3,8,3,16,2,7,15,20,1
9530,28,1,28,29,7,28,10,12,9,0
9529,12,13,24,28,18,16,17,7,27,7
7917,24,21,12,20,28,23,8,22,13,10
10458,1,15,8,26,16,9,20,2,3,1
25805,20,1,26,18,10,4,10,21,0,17
8815,14,16,3,23,20,15,2,27,10,27
8314,27,18,28,17,15,25,19,16,6,10
580,9,14,0,7,5,8,24,20,7,15
343472,10,29,8,26,16,9,27,2,3,1
10409,1,0,5,13,22,28,9,26,9,17
581,11,27,12,20,1,9,10,28,14,9
11177,29,8,10,0,19,27,3,23,26,4
9031,3,18,28,10,17,27,11,22,25,26
11176,19,3,18,3,4,2,7,15,16,18
29994,28,1,28,27,7,28,19,26,9,0
92482,19,3,8,26,16,2,27,2,20,1
80127,5,10,29,0,6,7,14,12,26,16
583,19,3,18,3,4,2,7,15,16,18
585,28,0,6,17,6,7,28,5,11,16
55212,19,3,18,3,4,2,7,15,16,18
56987,22,2,29,24,9,10,3,13,17,8
55973,19,3,18,3,4,2,7,15,16,18
10134,19,3,18,3,4,2,7,15,16,18
9564,19,3,18,3,4,2,7,15,16,18
10286,19,15,19,26,1,9,20,2,3,1
54828,19,3,18,3,4,2,7,15,16,18
55653,27,18,28,27,7,28,19,13,9,0
586,7,22,14,5,7,3,14,21,13,0
56647,7,15,17,14,22,28,9,0,9,20
594,19,3,19,26,16,9,27,2,20,6
10295,0,25,4,4,0,0,10,26,22,19
8915,10,3,19,26,16,2,7,2,20,18
598,7,18,26,14,7,3,19,12,26,10
83596,10,15,5,26,1,9,20,2,3,1
23786,19,3,18,3,4,2,7,15,16,18
605,27,4,26,27,27,25,19,0,6,0
9275,6,2,29,2,19,7,22,3,8,8
9274,8,11,13,12,11,1,25,17,25,29
607,19,3,18,3,4,2,7,15,16,18
9774,11,27,21,5,1,19,26,28,13,9
54880,11,4,12,1,7,28,26,11,14,9
613,19,3,18,3,4,2,7,15,16,18
617,13,16,27,15,20,15,2,27,10,27
56898,1,15,5,26,10,9,20,26,20,1
55814,8,11,13,12,25,1,25,16,25,29
8678,19,3,8,3,4,9,7,15,16,18
79656,23,15,5,1,22,9,10,2,20,17
222389,7,4,26,29,22,13,19,0,9,10
10282,3,2,10,2,27,7,3,8,15,8
55859,0,15,14,29,10,13,10,11,22,17
84707,1,4,6,27,22,13,12,28,1,0
27018,1,1,26,29,22,25,14,26,9,0
56271,23,15,14,20,1,9,20,6,20,9
51283,21,10,16,24,27,12,22,5,8,26
80823,0,25,14,1,0,0,12,26,20,17
636,21,28,22,22,12,26,13,14,17,12
23299,19,3,8,26,4,2,7,15,16,18
55909,1,4,26,29,27,23,9,0,6,20
329,10,15,14,13,10,11,27,10,20,6
57448,19,3,18,3,4,2,7,15,16,18
54841,1,15,5,1,22,13,12,6,9,17
10904,24,22,21,5,28,19,8,25,13,24
641,11,15,12,1,1,19,26,28,1,9
642,23,15,5,26,10,9,20,2,20,1
2647,2,24,22,9,3,5,18,24,19,23
282991,19,3,18,3,4,2,7,15,16,18
55330,10,27,5,1,10,11,27,26,20,6
63915,0,25,4,4,0,0,10,26,22,19
26258,28,1,28,0,0,27,10,12,11,28
644,0,25,4,4,0,0,10,26,22,19
645,22,10,11,17,9,24,13,8,19,23
8548,1,1,17,29,7,27,14,6,9,20
90427,10,3,8,26,16,9,27,2,3,1
648,24,4,26,29,7,23,11,23,0,10
655,11,22,14,1,1,19,26,28,1,9
657,11,27,5,20,1,19,10,28,1,9
659,11,21,21,20,28,19,8,25,1,24
9790,10,3,8,3,16,2,20,2,3,1
154743,24,21,13,12,25,23,21,22,0,0
54796,22,5,16,17,6,24,22,3,19,23
662,2,2,29,17,27,10,0,3,8,8
663,11,21,12,20,28,19,26,25,1,9
664,11,15,14,1,1,13,26,28,1,9
665,1,1,26,29,7,28,9,26,0,17
91272,21,9,23,22,8,8,24,14,7,22
259282,10,29,19,26,16,9,27,2,3,18
51027,1,1,5,1,22,9,9,28,9,17
388962,28,1,26,29,22,28,19,23,11,0
119032,19,3,18,3,4,2,7,15,16,18
669,24,22,21,5,28,23,8,28,1,20
670,6,10,29,2,9,7,1,3,17,8
10380,15,9,9,19,21,22,29,4,5,14
2186,23,29,19,26,16,9,27,2,3,1
673,10,3,8,26,16,9,27,2,20,18
8315,3,2,29,0,14,12,22,24,26,16
672,24,22,12,5,28,19,26,25,14,24
675,19,3,18,3,4,2,7,15,16,18
79184,29,15,1,13,26,11,27,10,24,6
23774,29,8,1,20,26,11,0,11,24,4
6046,23,27,14,1,1,9,12,28,0,17
8019,19,3,18,3,4,2,7,15,16,18
23476,16,17,20,6,23,29,23,18,18,21
29117,20,6,2,18,2,10,6,21,28,2
10902,19,3,8,26,4,9,20,2,3,1
65980,9,26,7,7,13,22,16,9,4,25
9577,1,27,5,1,10,9,10,11,3,17
55290,19,3,18,3,4,2,7,15,16,18
25798,10,27,19,26,10,9,20,2,20,1
83990,10,29,19,26,16,11,27,10,3,6
55299,10,3,8,26,16,2,20,2,3,1
55845,8,11,13,12,25,23,21,17,25,29
25855,24,22,21,20,28,23,8,25,13,24
84312,8,11,13,12,25,1,25,17,25,29
148362,19,3,18,3,4,2,7,15,16,18
27154,21,12,22,9,8,21,13,3,23,22
54014,1,27,5,26,17,28,9,26,9,17
254065,24,22,21,5,28,19,8,25,1,24
55108,11,22,12,20,1,19,26,28,1,9
682,19,3,18,3,4,2,7,15,16,18
684,20,6,2,8,2,6,6,1,28,2
9044,16,17,20,6,23,29,23,18,18,21
53339,10,29,8,26,16,9,20,2,20,1
84280,2,18,16,14,15,12,22,8,19,16
121551,2,7,11,19,12,24,18,8,15,23
22903,23,27,14,26,10,13,10,6,0,1
55727,11,22,12,5,28,19,8,11,14,24
689,23,15,5,20,1,9,10,28,0,9
91408,28,1,26,29,7,28,19,6,0,0
694,29,29,1,13,26,11,27,10,24,6
7832,1,8,6,0,0,13,12,23,11,19
10950,6,7,11,10,14,26,1,22,15,26
11120,1,27,5,27,22,28,12,26,22,17
10385,10,29,1,13,16,11,27,10,3,6
8945,27,0,26,24,7,25,19,13,14,10
699,19,29,8,3,16,2,7,15,3,6
701,14,16,27,22,20,15,2,19,7,27
9184,11,15,14,1,1,13,26,28,1,9
84811,23,27,14,26,10,28,26,6,1,9
8896,19,3,18,3,4,2,7,15,16,18
705,18,4,12,27,17,1,21,17,6,20
9689,1,4,5,1,22,25,26,6,0,9
28969,0,25,4,4,0,0,20,26,22,19
10438,19,3,8,3,4,2,7,15,16,18
56913,19,3,18,3,4,2,7,15,16,18
29071,5,8,28,0,17,27,28,13,26,4
708,11,15,5,1,10,28,26,28,1,9
51279,0,25,4,4,0,0,10,26,22,19
9847,19,3,8,3,16,2,7,15,16,18
770,7,1,6,27,22,28,12,26,9,17
79886,23,27,5,1,16,9,10,2,3,1
51719,10,15,19,26,16,9,27,2,3,1
81617,24,21,21,1,17,19,9,6,1,0
23523,16,1,28,6,23,29,23,18,18,21
781,10,3,18,3,16,2,7,15,16,18
784,2,12,23,25,12,5,22,3,5,22
143384,8,11,13,12,25,1,21,17,25,29
27101,10,15,14,13,16,9,20,11,3,6
23705,19,3,8,26,16,2,20,2,3,1
253559,24,21,12,5,28,19,8,25,14,24
199731,8,11,10,12,11,24,25,17,25,29
8618,29,29,1,13,26,11,27,10,24,6
93664,10,29,8,26,16,9,7,2,3,18
57658,23,15,14,20,1,28,20,2,20,9
10241,1,4,6,18,22,13,10,26,9,17
800,5,10,29,24,6,12,28,5,26,8
801,28,10,29,0,27,3,1,13,15,8
802,1,1,26,27,17,27,9,26,9,0
805,19,3,8,3,4,2,7,15,16,18
808,16,17,20,6,23,29,23,18,18,21
811,19,29,19,3,16,2,27,10,3,6
813,1,15,5,26,10,28,12,26,0,17
817,15,24,11,19,8,21,29,24,5,12
55450,23,15,19,1,1,9,9,11,1,9
10645,0,25,4,1,22,0,12,26,20,17
819,10,29,8,26,16,11,27,10,20,6
157922,8,11,13,10,25,1,14,22,25,29
23271,19,3,18,3,4,2,7,15,16,18
23261,16,17,20,27,23,29,23,26,18,21
55832,19,3,18,3,4,2,7,15,16,18
124583,5,8,6,2,19,27,28,13,11,4
821,10,29,8,3,16,9,27,10,20,6
10487,9,14,0,11,5,22,16,20,29,25
10486,3,0,28,27,7,3,19,13,9,28
823,18,11,13,12,25,1,21,17,1,29
824,2,12,22,25,12,21,1,3,23,3
827,10,27,5,1,16,9,20,2,20,1
23473,10,27,19,26,16,9,20,2,3,1
826,11,15,14,26,1,9,20,28,14,9
4076,10,29,19,26,16,9,27,10,3,6
65981,23,29,5,13,26,13,20,10,20,6
828,1,4,14,20,10,13,9,28,0,0
829,19,3,8,3,4,2,7,15,16,18
830,28,5,6,2,27,27,19,12,8,28
832,27,18,17,29,15,25,9,0,6,20
22900,6,7,29,0,14,20,1,3,19,8
23589,19,3,18,3,4,2,7,15,16,18
10498,20,6,2,18,27,6,25,12,28,2
55604,10,15,1,1,10,11,27,10,24,1
138199,3,10,10,0,6,27,28,13,8,10
833,10,29,8,1,16,9,27,10,20,18
79587,29,8,6,17,22,10,0,23,8,4
399726,19,3,8,3,4,2,7,15,16,18
22794,10,15,19,4,16,0,20,2,22,1
113201,11,22,21,5,28,19,8,6,1,24
101805492,1,25,5,29,22,28,10,26,0,0
64921,17,23,15,16,24,18,4,29,12,5
8573,11,27,5,1,10,9,20,28,3,9
835,18,11,5,1,25,1,21,6,0,0
836,14,21,3,23,6,10,11,13,9,27
839,1,15,5,26,10,25,9,0,20,17
9994,0,25,4,4,0,0,10,11,22,19
831,20,6,2,8,2,6,22,16,28,2
54897,2,24,11,25,3,7,1,8,19,16
9139,10,27,8,26,16,9,20,2,20,1
865,12,13,24,28,18,16,17,18,18,21
867,10,3,8,26,16,9,7,2,3,18
868,20,6,2,8,2,6,6,1,28,2
79872,11,15,14,1,1,19,26,11,14,9
873,5,4,17,29,17,13,14,6,9,0
84869,27,18,26,29,22,25,9,0,9,0
55871,22,5,26,27,25,10,14,13,26,20
150472,19,3,8,3,4,2,7,15,16,18
10951,10,27,8,26,16,2,20,2,3,1
84733,28,1,26,29,22,13,12,6,0,17
11335,23,1,6,29,26,11,0,26,20,4
23468,5,5,10,0,19,10,3,16,6,4
23466,24,22,21,5,28,19,26,25,13,24
25776,23,18,14,14,25,13,9,0,0,0
57545,21,7,16,10,3,24,13,24,7,22
55749,11,21,12,5,28,19,8,25,13,24
57805,11,22,12,5,28,19,26,25,1,9
79839,24,21,21,5,28,19,8,25,1,24
203260,28,18,17,24,19,25,3,13,6,10
153733,29,8,6,17,19,10,0,5,26,16
29070,27,0,17,27,17,10,19,12,9,28
84317,6,5,28,24,27,20,3,22,8,26
150275,28,1,4,4,10,13,12,13,9,28
151903,3,21,26,27,27,3,14,13,14,28
160857,11,22,14,1,1,19,26,28,1,9
115098,19,3,18,3,4,2,7,15,16,18
202243,22,10,11,24,7,10,3,5,8,8
81576,11,15,5,26,1,9,20,28,3,1
64753,23,15,19,1,10,9,10,28,20,9
339230,19,3,18,3,4,2,7,15,16,18
165055,10,27,5,26,22,9,20,2,20,1
64770,19,3,18,3,4,2,7,15,16,18
57639,5,10,10,2,27,20,3,8,26,8
100129792,22,4,10,27,6,25,19,13,26,10
347475,10,29,8,13,16,11,27,10,3,6
154467,18,1,13,29,25,25,14,0,0,0
203238,22,7,11,25,12,21,1,24,2,8
129881,1,15,14,1,17,28,10,6,0,0
51244,24,22,21,20,28,19,8,25,13,20
343099,0,25,4,1,0,0,12,26,20,19
57821,15,9,9,22,13,8,15,4,5,3
55088,29,8,1,13,26,11,0,10,24,6
57577,18,11,13,12,25,1,25,17,25,29
55246,10,3,8,3,16,2,7,15,16,18
25901,0,25,5,20,1,0,21,26,0,17
79140,22,18,10,0,27,3,28,16,26,10
728621,10,29,14,1,16,9,27,2,3,1
91057,2,2,11,2,9,3,1,1,17,8
124808,10,3,8,26,16,2,7,15,16,18
57003,10,3,8,26,16,9,20,2,3,1
152137,10,3,19,26,16,9,7,2,16,18
51019,10,29,8,26,16,9,27,10,3,6
131076,10,27,14,20,10,9,20,6,20,1
29080,15,28,22,19,21,5,29,14,4,22
8030,23,29,14,13,26,11,27,10,20,6
285331,28,8,28,17,17,7,0,23,11,4
84318,22,5,17,24,15,12,3,12,26,10
83987,14,16,3,23,20,15,2,27,10,27
151887,19,3,18,3,4,2,7,15,16,18
79780,11,22,21,20,28,19,26,28,13,24
338657,6,0,29,17,9,3,1,5,19,8
317762,20,10,2,8,2,6,6,1,28,2
55704,15,12,23,25,8,21,18,14,2,22
440193,23,15,19,1,1,9,27,2,1,1
60492,1,25,26,1,22,0,10,26,22,17
55297,28,22,21,27,22,28,26,25,14,28
80212,11,22,12,20,10,19,26,25,1,9
54520,1,1,5,14,22,25,9,26,24,20
90324,15,2,23,2,12,26,18,24,5,3
54535,27,0,28,14,6,7,19,0,26,16
83605,20,6,6,18,10,4,14,21,13,28
890,21,24,23,8,9,20,29,1,2,22
891,1,4,6,29,7,28,12,11,0,24
57820,11,27,14,1,1,9,26,11,1,9
9133,10,29,8,26,16,2,7,15,3,18
892,10,27,8,26,16,9,20,2,20,1
595,10,3,19,26,4,9,20,2,20,1
894,11,15,14,1,1,19,12,28,1,9
23582,28,0,28,0,14,27,28,12,13,8
899,7,18,17,14,15,25,19,0,6,20
900,18,11,13,27,25,25,21,16,25,28
901,15,9,9,9,21,22,15,14,4,14
902,19,3,18,3,4,2,7,15,16,18
10983,0,1,5,20,1,13,10,26,1,17
54619,7,4,17,14,10,13,9,0,24,20
8812,15,10,16,19,3,24,13,8,15,16
57018,18,11,13,12,25,1,25,17,25,29
81669,19,3,8,3,4,2,7,15,16,18
904,28,1,26,29,19,4,19,12,11,2
905,22,0,10,0,9,7,1,13,19,10
219771,19,3,8,3,4,2,7,15,16,18
151195,19,3,18,3,4,2,7,15,16,18
9738,1,1,26,29,17,25,9,11,0,17
9973,28,0,6,27,17,13,19,13,11,0
54462,5,2,10,2,9,7,22,3,8,8
10576,3,0,6,0,17,3,19,12,8,28
7203,18,11,13,12,25,1,25,17,25,29
10575,28,5,28,24,27,27,19,12,9,28
22948,27,1,17,14,10,25,9,0,9,20
908,10,29,19,26,16,11,27,10,20,6
10574,10,29,19,26,16,9,27,10,3,1
10694,24,22,21,5,28,13,8,25,13,24
51622,7,18,17,14,15,25,19,0,6,20
221960,3,18,6,2,17,10,3,12,8,4
977,21,7,10,10,27,23,28,22,26,22
8763,1,25,5,29,22,13,9,23,20,17
4345,1,27,14,1,16,9,20,2,20,1
100133941,10,3,19,3,4,9,7,2,3,18
80381,24,21,12,1,17,19,9,11,14,24
23607,11,27,14,20,1,19,26,28,1,0
10421,11,22,12,1,1,19,26,28,14,9
4179,28,0,10,17,27,12,19,12,8,28
961,24,21,12,5,28,23,8,25,13,24
966,20,1,28,18,22,4,10,21,0,28
967,19,3,18,3,4,2,7,15,16,18
975,1,4,5,20,22,28,12,6,0,20
9308,10,15,19,26,16,9,27,10,3,1
4267,23,27,5,1,17,25,9,11,0,17
83692,0,4,6,29,22,28,28,13,11,0
81602,2,2,11,25,3,24,1,3,15,23
8872,10,27,8,26,1,9,20,11,20,1
8555,8,11,13,12,25,1,14,17,26,8
8881,28,5,6,27,27,27,3,13,6,28
8697,6,7,16,2,27,12,1,24,15,23
994,10,15,8,26,16,9,20,26,3,1
996,24,22,12,5,28,23,8,25,13,24
997,7,0,28,27,17,13,19,11,9,28
11140,22,18,16,14,15,10,22,0,6,10
55664,29,29,1,13,26,11,27,10,24,6
51362,29,4,28,29,22,13,10,23,0,17
998,21,9,23,22,8,8,24,14,2,14
8476,9,26,9,11,5,22,16,14,4,11
9578,23,27,5,26,16,9,20,2,3,1
10602,11,27,14,20,1,9,26,28,1,9
56882,21,12,23,2,9,26,18,5,7,12
56990,11,27,12,1,1,0,26,28,1,1
988,20,6,2,18,2,4,6,21,28,2
79577,24,21,12,20,28,13,8,25,14,0
113130,10,15,8,13,16,9,27,10,20,6
55536,27,18,17,27,27,10,19,13,8,10
55143,28,8,6,29,6,10,14,23,26,28
1009,21,10,23,22,11,20,13,24,2,22
1000,19,3,19,26,4,2,7,15,3,18
1005,1,15,26,1,10,28,10,6,0,17
222256,29,8,6,0,7,7,0,13,11,4
29965,19,3,8,3,4,2,7,15,16,18
10423,16,17,20,6,23,29,4,18,18,21
983,29,29,1,13,26,11,27,10,24,6
8558,10,3,19,26,16,9,20,2,3,1
984,29,8,1,29,22,19,9,23,6,20
51755,5,0,10,2,19,27,3,13,6,8
8621,7,1,26,29,7,13,9,18,0,20
5218,23,4,4,4,0,0,12,26,22,19
5127,8,11,13,12,25,1,25,22,25,26
5128,20,6,2,18,2,4,6,21,28,2
23097,8,11,13,12,25,1,21,17,25,29
1017,28,21,21,27,7,10,8,6,14,24
10263,16,17,20,6,23,29,23,18,18,21
1019,1,25,19,26,10,13,9,11,0,17
51654,0,4,5,29,22,27,12,12,0,0
55755,10,29,1,1,16,11,27,10,24,6
80279,24,21,21,5,28,19,8,25,13,24
1021,10,29,19,13,16,11,27,10,24,6
1022,10,3,8,26,4,9,7,2,20,18
1024,24,21,21,5,28,23,8,22,13,24
1025,12,0,6,0,6,27,28,12,26,16
54901,29,8,1,13,26,11,0,23,24,4
1027,16,17,20,6,23,7,23,18,15,21
1028,20,6,2,18,19,4,6,21,28,2
55602,8,21,13,12,11,23,28,17,25,29
91368,19,3,18,3,4,2,7,15,3,18
1036,10,15,14,26,16,9,20,2,3,1
50937,2,7,13,10,11,26,25,19,2,22
30850,3,6,10,17,7,10,14,12,8,0
8760,23,15,19,1,16,9,20,11,3,1
55573,23,8,5,26,16,13,20,10,3,1
9425,10,29,1,1,26,11,27,10,20,6
1051,20,6,2,8,2,6,6,1,28,2
1052,1,1,26,4,22,25,10,11,0,0
1054,3,1,26,27,7,12,14,12,6,10
10153,1,4,14,29,22,28,9,26,0,17
27443,24,21,12,10,28,23,11,22,14,20
27440,19,29,19,26,16,2,27,10,3,18
10658,11,22,12,20,1,19,8,28,14,24
10659,15,24,22,19,3,21,18,4,19,3
9620,20,1,26,18,10,27,10,21,0,2
1952,1,15,14,20,10,13,10,11,0,17
1059,29,27,5,13,16,13,20,10,24,17
92806,11,15,12,5,17,28,26,11,1,9
1060,4,20,0,11,5,8,15,20,4,15
1062,5,4,6,29,19,27,14,26,9,0
1063,11,27,12,20,1,19,20,28,14,9
64946,23,15,19,1,1,9,10,11,3,1
55835,20,6,2,18,19,12,6,1,28,26
64105,10,15,8,1,16,9,27,2,3,6
55839,11,15,12,20,1,9,10,28,14,9
55166,8,11,13,12,25,1,21,17,25,29
79682,22,2,16,0,6,10,3,16,6,16
201161,10,27,5,1,16,9,20,2,3,1
387103,1,4,5,4,10,28,20,26,22,1
201254,29,15,6,29,10,11,0,23,24,4
9731,1,1,5,29,17,28,19,26,0,0
201134,1,4,5,1,10,13,12,26,11,17
153241,23,15,5,26,16,9,20,2,20,1
57562,28,18,14,27,22,25,12,13,9,20
145508,19,3,18,3,4,2,7,15,16,18
9662,29,8,10,17,19,7,0,23,11,4
22995,7,1,10,2,7,27,14,16,26,16
22832,20,6,2,18,2,27,6,21,28,2
22897,19,3,18,3,4,2,7,15,16,18
9859,29,29,1,13,26,11,27,10,24,6
11190,7,4,26,14,17,13,19,6,9,20
80184,23,1,12,1,17,19,9,22,1,9
85459,10,3,19,26,4,2,7,2,20,18
9857,20,6,2,8,14,6,6,1,28,2
95681,22,5,11,0,6,10,22,3,6,16
80817,24,21,12,29,10,19,26,25,14,0
9702,10,27,8,26,16,9,20,2,20,1
285753,27,18,17,27,17,25,3,12,9,23
80254,10,27,19,26,16,9,20,2,20,1
23177,6,0,29,0,14,3,13,5,15,8
80321,10,3,19,3,16,9,27,2,20,1
84131,5,8,6,29,7,28,0,23,11,4
51134,1,22,21,27,17,19,26,11,6,0
84902,1,4,26,27,22,13,10,26,0,28
90799,11,21,12,1,22,19,26,26,14,9
79598,19,3,8,3,16,2,7,15,3,18
10390,21,7,16,25,14,21,18,3,2,22
64781,9,28,23,9,12,26,29,14,5,3
29956,20,6,2,18,2,4,12,21,28,2
79603,29,8,6,17,19,7,0,23,11,4
91012,11,15,14,26,1,9,26,11,1,9
253782,19,3,18,3,4,2,7,15,16,18
8824,23,27,14,26,16,9,20,11,20,1
1069,5,1,10,29,22,10,14,23,11,21
1070,5,0,10,0,19,12,28,23,26,16
29105,9,9,9,11,8,5,15,20,5,11
112942,7,15,5,14,10,13,10,2,20,17
80217,0,4,26,27,19,13,19,23,11,28
118491,19,3,8,3,4,2,7,15,16,18
57587,1,4,26,18,22,4,28,21,0,0
10428,1,4,5,29,25,1,21,26,0,29
1072,7,18,17,14,17,25,19,0,6,20
1073,17,23,15,16,24,17,4,29,12,5
8837,27,18,11,2,19,10,14,16,25,16
8545,7,1,14,14,10,28,9,0,0,20
84952,7,4,4,27,7,27,12,6,9,17
10668,24,22,21,5,28,28,8,25,14,20
10036,22,2,29,5,6,12,3,5,26,8
283489,11,21,12,5,28,19,8,25,1,24
118487,0,25,4,4,0,0,12,26,22,19
400916,27,5,6,17,15,3,19,8,15,8
51142,22,0,29,24,27,10,3,24,19,10
54927,24,22,21,5,28,19,8,25,13,24
131474,23,15,19,26,10,9,20,2,3,1
84269,2,28,16,19,14,20,1,24,2,8
84303,10,29,14,13,16,9,27,2,3,1
79145,7,4,6,29,17,28,19,11,0,10
1105,28,6,6,18,7,4,14,12,28,2
9557,19,3,18,3,4,2,7,15,16,18
1106,0,4,5,29,10,28,12,26,11,0
1107,0,4,4,29,7,0,9,26,6,17
1108,4,20,7,21,29,14,5,9,21,25
84181,20,6,26,18,22,4,10,21,0,2
55636,0,25,4,1,0,0,20,2,22,19
57680,1,1,5,20,1,25,9,28,0,9
80205,29,29,14,13,26,11,27,10,24,6
1111,14,16,3,23,20,15,2,27,10,27
55743,19,3,18,3,4,2,7,15,16,18
1114,19,3,8,3,4,2,7,15,3,18
26511,2,10,10,24,9,3,22,16,19,16
66005,10,27,14,26,16,0,20,2,22,1
1119,6,10,11,2,9,26,3,16,17,22
1121,2,28,29,25,14,26,13,3,15,16
1122,19,3,18,3,4,2,7,15,16,18
5119,10,29,19,26,16,9,27,2,3,18
57132,19,15,14,26,16,9,20,2,3,1
27243,10,15,8,26,16,9,20,2,20,1
25978,11,21,14,20,1,13,26,6,1,0
51652,23,15,5,1,10,25,9,11,0,9
29082,10,3,8,3,4,2,7,15,16,18
128866,7,1,17,14,17,25,19,0,9,20
100307126,10,27,5,26,16,9,20,2,3,1
51510,23,1,12,1,10,13,12,11,14,17
91782,28,8,6,29,19,3,14,13,11,28
1123,10,3,5,26,16,9,20,28,3,1
1124,5,0,10,0,27,10,1,5,8,16
26973,19,3,8,3,4,2,7,15,16,18
11261,10,3,8,26,16,9,7,15,16,18
91851,7,4,26,29,22,13,9,26,9,28
1138,10,27,19,1,16,9,20,2,20,1
1140,1,1,6,24,17,27,14,13,26,28
54921,29,8,10,0,6,10,0,23,26,4
26097,27,5,28,29,6,25,19,12,6,0
1147,27,0,26,20,17,25,8,25,14,24
91612,1,15,5,26,22,13,12,6,0,17
9391,20,24,29,24,2,6,22,1,19,16
57019,23,1,14,1,17,28,9,28,0,9
148523,15,24,22,25,12,5,29,14,23,12
10519,16,17,20,6,23,29,23,18,18,21
10518,7,0,26,24,17,27,14,12,9,28
51550,23,15,14,1,1,9,20,2,3,1
9541,23,27,5,1,10,9,20,2,3,1
1153,11,22,21,20,1,19,26,25,1,9
55847,27,1,26,27,17,27,19,12,9,28
493856,11,22,21,5,28,19,8,28,13,24
10370,24,21,21,5,17,13,8,0,1,20
26586,22,24,29,0,14,7,1,24,17,16
150468,18,11,28,12,25,20,25,17,25,29
10970,10,15,5,13,10,9,20,2,3,1
9793,19,3,18,3,4,2,7,15,16,18
1152,19,3,18,3,4,2,7,15,16,18
51192,23,27,14,13,10,0,27,26,24,1
1163,11,22,12,20,1,19,26,28,14,9
1164,20,6,2,18,2,4,6,21,28,2
23332,23,27,14,26,16,9,20,2,3,1
23122,26,19,25,16,29,17,16,29,12,5
23155,10,3,18,26,4,9,20,2,3,1
1182,29,29,1,13,26,11,27,10,24,6
1184,9,9,9,9,21,8,18,14,2,14
9069,10,29,8,26,16,11,27,10,20,6
56650,19,3,18,3,4,2,7,15,16,18
1047,15,24,11,19,8,7,29,5,19,12
1192,20,4,2,18,1,4,14,21,28,2
25932,29,29,1,13,26,11,0,23,24,6
9685,24,22,21,5,28,19,8,25,13,24
6249,1,15,5,1,22,13,10,26,0,17
25999,0,0,4,17,0,0,10,12,26,19
1195,27,1,17,27,7,12,19,0,6,20
1196,6,2,16,19,14,20,18,8,17,8
1198,23,15,14,26,16,28,20,11,20,1
57396,0,25,4,29,0,0,9,6,22,19
79789,6,2,29,24,9,20,1,5,2,23
1203,1,25,5,27,10,13,10,11,0,17
1207,23,15,5,26,10,9,9,0,0,1
9575,23,27,14,26,10,13,20,11,3,17
10978,29,4,1,1,26,11,0,2,24,4
8192,19,3,18,3,4,2,7,15,16,18
1209,5,0,6,0,6,27,3,13,11,10
81037,11,27,14,1,1,9,20,11,1,0
10845,0,25,5,4,22,0,12,26,11,17
63967,1,0,26,27,19,28,14,6,0,0
22883,12,13,24,28,19,24,17,7,27,7
1211,22,18,6,17,27,7,3,8,8,8
1212,6,2,29,2,19,7,14,16,26,10
1213,0,4,4,27,0,0,10,6,22,19
1191,0,25,12,4,0,0,10,26,1,9
23059,25,12,23,8,21,5,29,1,2,12
55907,6,2,29,0,6,21,13,16,15,8
134147,29,8,1,4,26,0,0,26,24,17
152100,11,21,21,20,28,19,26,28,14,9
56942,18,11,13,12,25,1,21,17,25,29
80790,27,1,17,27,17,25,3,12,0,20
51727,29,8,1,13,26,11,0,10,24,6
84319,14,5,16,23,9,20,13,5,15,22
123920,23,29,1,13,16,11,27,10,24,6
54918,0,4,4,29,17,0,9,26,11,17
112616,23,29,8,26,16,9,20,2,3,1
152189,19,3,18,3,4,2,7,15,16,18
23070,7,21,5,14,22,13,9,0,14,20
55783,18,11,13,27,25,1,28,12,25,2
7555,24,21,3,10,27,23,11,22,13,26
55748,11,21,21,5,28,13,8,25,1,0
255919,8,7,16,10,25,1,25,22,25,26
10175,27,0,6,24,6,10,19,13,26,10
254263,23,27,19,26,16,28,20,2,3,1
29097,1,18,6,27,22,13,19,0,0,17
22866,10,29,19,26,16,9,20,2,3,1
154043,1,21,28,27,17,13,10,12,11,10
1265,29,29,1,13,26,11,0,10,24,6
1266,11,21,19,1,22,19,26,11,14,9
23019,7,4,28,14,15,28,9,0,9,10
25904,23,1,14,1,22,9,12,6,0,17
4848,5,7,29,17,6,27,3,5,8,8
4849,23,29,1,1,26,11,27,10,24,6
4850,4,26,7,7,5,14,15,20,21,15
57472,10,27,14,1,16,9,20,2,3,1
246175,23,27,19,20,1,19,26,28,14,9
29883,28,0,4,24,27,3,3,13,8,28
9337,10,27,5,26,16,9,27,10,3,1
9125,11,21,21,20,1,19,26,28,14,9
1267,6,12,16,19,3,20,29,8,19,22
27013,10,3,19,26,4,2,7,2,3,18
10330,12,23,15,16,24,18,4,29,12,5
10695,27,0,6,2,19,24,28,5,26,16
25927,1,27,28,18,22,19,10,11,9,0
163882,10,29,8,1,16,9,20,10,3,1
54875,10,29,19,26,16,9,7,2,3,18
152330,24,22,12,5,17,13,8,25,14,24
27255,1,4,26,1,22,28,9,11,0,17
26047,1,27,14,29,10,9,20,6,0,17
11064,16,17,26,6,23,29,23,18,18,21
55744,3,0,10,24,7,3,3,5,9,8
28958,28,4,6,24,6,27,14,5,8,28
493753,23,22,21,1,28,19,9,6,14,9
388753,6,10,29,17,9,12,22,5,26,8
65260,7,4,28,0,17,13,10,6,0,0
80347,16,17,20,6,23,29,23,18,18,21
9382,28,4,6,18,19,4,12,21,9,28
22796,19,3,18,3,4,2,7,15,16,18
83548,24,22,21,5,28,19,8,25,13,24
25839,10,29,8,26,16,2,27,10,3,6
10466,11,27,12,1,1,19,26,28,1,9
57511,26,26,7,11,13,22,15,20,29,11
8161,1,15,5,29,10,13,12,26,0,17
80781,0,21,14,20,1,0,14,26,1,9
1278,11,22,21,20,1,19,26,28,1,9
1280,1,27,14,1,10,9,12,26,22,17
1281,1,1,13,29,25,25,21,0,0,29
1282,10,29,8,13,10,11,27,11,3,6
1284,5,2,29,17,15,10,3,16,17,10
10087,22,10,6,17,6,7,0,3,11,4
1287,21,7,16,17,11,1,25,8,2,8
1288,19,3,8,3,4,2,7,15,16,18
1290,29,29,1,13,26,11,27,10,20,6
1291,6,12,22,19,3,21,1,8,23,3
79709,15,2,29,25,14,20,18,24,5,22
150684,10,27,8,18,16,4,20,21,20,17
51397,10,3,8,26,16,9,20,2,20,1
51122,2,12,11,25,3,24,1,3,23,14
23412,11,22,14,1,1,19,26,28,14,9
54939,28,4,26,27,17,13,19,12,0,17
28991,24,22,12,5,28,13,26,25,14,24
170622,18,11,13,12,25,1,21,17,25,29
149951,19,3,18,3,4,2,7,15,16,18
54951,19,3,18,3,4,2,7,15,16,18
29099,19,3,18,3,4,2,7,15,16,18
1312,23,27,5,26,10,9,20,2,20,1
1314,3,5,6,10,27,3,3,22,26,26
1315,20,6,26,18,22,4,6,21,0,17
9276,19,3,18,3,4,2,7,15,16,18
11316,11,27,5,20,1,9,20,28,0,9
22820,2,28,23,19,12,20,29,3,17,22
26958,7,1,26,1,10,25,9,0,0,17
55352,12,13,26,28,18,16,23,18,27,20
9318,27,1,21,20,10,19,9,28,1,9
8533,5,0,28,0,15,12,12,16,8,10
51138,5,6,6,0,7,4,14,21,6,2
10987,22,5,10,17,6,12,28,23,8,20
10980,19,3,18,3,4,2,7,15,16,18
50813,29,29,1,13,26,11,0,10,24,6
64708,10,29,19,3,16,2,7,15,20,18
10920,19,3,18,3,4,2,7,15,16,18
150678,7,18,17,29,15,25,19,16,0,20
22818,5,0,6,24,19,10,28,12,8,28
51117,28,0,29,0,6,7,14,5,26,28
84274,10,29,19,26,16,9,27,2,3,1
51004,19,3,18,3,4,2,7,15,16,18
10229,20,6,6,24,2,6,6,21,28,2
57017,15,26,9,9,8,22,29,14,5,3
23603,7,5,17,14,7,13,19,13,11,28
23406,25,6,2,8,2,6,6,1,17,12
1353,1,17,28,29,17,13,12,6,0,17
84987,8,11,13,12,25,1,21,17,25,29
1355,22,0,6,17,19,27,19,13,6,28
51241,3,0,6,2,7,3,14,12,11,8
10063,0,15,4,20,22,28,12,26,14,17
90639,10,29,14,13,16,9,27,10,3,1
116228,11,21,12,5,28,19,26,25,1,0
1327,10,29,8,1,16,9,27,2,3,1
9377,7,1,26,14,17,27,9,0,9,20
1329,5,8,10,0,6,27,28,23,11,4
1337,12,13,24,28,18,16,17,7,27,7
1340,10,29,14,26,16,9,20,2,3,1
1345,10,29,19,3,16,2,27,10,16,6
1347,10,3,8,26,4,9,7,2,3,18
9167,1,6,26,18,2,4,9,21,0,0
1349,29,29,5,13,16,9,27,10,24,6
1350,1,21,26,1,28,28,26,11,9,9
1351,11,1,12,1,17,19,26,28,1,9
1362,10,29,8,3,16,2,27,10,3,6
1363,11,1,21,20,7,19,9,28,14,9
80315,10,3,8,3,4,2,7,15,16,18
8904,1,25,14,1,22,13,9,6,22,17
8895,4,26,7,11,13,22,15,20,4,15
144402,8,11,13,10,27,23,25,17,25,26
55313,19,3,18,3,4,2,7,15,16,18
53981,6,24,16,10,9,20,22,24,17,22
51692,5,8,29,17,26,7,0,23,26,4
54973,0,25,4,29,0,1,12,26,22,17
10898,24,21,12,20,28,23,8,25,13,24
11052,10,3,8,26,16,9,20,2,3,1
79869,11,27,12,20,1,19,26,28,1,9
1376,19,3,18,3,4,2,7,15,16,18
54504,28,15,17,1,17,25,14,11,14,20
56265,23,15,5,29,17,28,26,6,9,9
1381,1,1,5,29,10,25,9,11,0,20
1382,6,7,11,25,14,21,22,3,19,23
8738,11,15,19,1,1,13,26,28,1,9
57585,0,8,4,4,10,13,0,26,11,17
286204,10,3,8,26,16,9,7,2,20,18
51185,27,0,6,24,6,10,3,13,9,28
27297,19,3,18,3,4,2,7,15,16,18
1385,3,0,28,10,7,3,19,22,9,0
10488,23,27,14,1,22,9,9,26,20,17
64764,23,27,5,26,22,13,20,26,0,17
148327,22,18,10,24,27,20,3,12,6,23
1387,19,3,18,3,4,2,7,15,16,18
153222,22,10,16,17,6,7,1,8,26,8
58487,9,14,23,9,8,5,15,14,23,14
8804,17,17,15,16,24,18,4,18,12,21
78987,11,22,14,20,1,19,26,28,14,9
79174,28,22,12,20,17,19,8,25,1,28
1390,6,0,29,24,6,3,28,5,26,2
1397,3,10,29,17,27,10,3,5,26,8
9419,27,4,14,29,22,25,9,0,9,20
83690,7,1,26,27,7,25,19,0,6,10
1398,2,10,29,0,12,20,13,3,2,8
1399,10,29,1,13,16,11,27,10,24,6
54675,11,15,5,1,1,9,9,28,1,9
1400,11,22,12,1,1,19,26,28,1,9
643911,29,4,6,29,17,28,9,6,11,4
51340,1,0,6,29,6,10,10,12,11,0
54677,0,27,19,26,1,0,20,2,22,1
10491,24,22,21,5,28,24,22,16,13,24
1407,21,7,11,10,11,24,24,24,2,22
1416,19,3,8,26,16,2,20,2,3,1
131544,22,2,29,17,9,20,13,5,17,8
1429,19,3,18,3,4,2,7,15,16,18
9946,11,4,12,20,10,13,20,28,1,9
1431,23,15,26,29,22,13,10,11,9,17
51380,20,6,2,8,2,6,6,1,28,12
7812,0,0,4,4,22,0,19,13,11,19
1434,10,27,14,1,16,9,20,2,3,1
55790,6,10,10,2,14,10,22,5,19,8
55454,19,3,18,3,4,2,7,15,16,18
1452,26,26,0,11,5,8,15,20,29,15
122011,12,28,23,22,21,8,24,14,23,14
1453,28,0,26,27,19,12,3,12,8,28
1454,6,7,13,10,17,10,25,22,13,26
53944,1,27,5,20,10,13,10,11,1,17
1455,27,5,17,14,15,25,9,0,6,20
1456,10,27,5,26,1,9,20,2,3,1
1457,16,17,20,6,23,29,23,18,18,21
1459,10,29,19,1,16,13,20,2,20,1
283106,19,3,19,3,4,2,7,15,3,18
1460,7,18,17,14,15,25,19,0,6,10
79848,15,12,22,9,8,26,29,4,17,14
81566,23,27,5,1,16,13,20,2,3,1
80034,0,15,14,1,22,0,10,26,9,17
1466,18,11,13,12,25,1,21,17,25,29
1471,10,15,8,26,16,9,7,2,3,1
1476,29,29,1,26,16,11,27,10,24,6
1477,18,11,28,12,25,1,21,26,0,17
23283,10,15,14,1,16,9,20,2,3,1
1479,11,1,12,20,22,19,26,6,14,9
1487,11,21,21,20,1,13,26,28,1,9
1488,11,22,14,20,1,19,26,28,1,9
1486,19,3,18,3,4,2,7,15,16,18
10664,2,10,16,2,6,20,28,3,15,8
23399,3,6,16,8,2,7,6,1,28,2
58190,11,15,14,26,1,9,20,28,20,1
10106,19,3,18,3,4,2,7,15,16,18
51496,19,3,18,3,4,2,7,15,16,18
1490,10,15,8,26,1,9,20,2,3,1
1495,0,25,4,1,0,0,21,26,1,19
29119,16,17,20,6,23,29,23,18,18,21
8727,0,4,4,4,0,0,10,6,22,19
1499,0,25,4,4,0,0,10,26,22,19
56998,11,17,5,1,1,29,20,11,1,17
56259,28,0,28,27,7,25,3,12,6,28
1500,28,1,28,27,22,28,9,26,9,20
1501,2,24,11,19,3,24,24,14,19,22
9646,1,1,26,27,7,27,19,13,9,0
1508,24,21,28,0,27,27,14,23,26,4
1509,1,27,5,4,22,28,10,11,0,17
1514,15,26,9,9,21,22,18,14,23,14
1519,29,29,8,13,26,11,27,10,24,6
2017,19,3,18,3,4,2,7,15,16,18
83992,22,5,17,14,7,27,19,8,6,23
55917,10,3,8,3,16,9,27,2,3,1
404093,1,4,5,29,25,1,14,26,0,17
79004,23,1,5,29,22,13,10,6,1,0
8454,11,22,14,1,1,13,26,28,1,9
8453,19,3,18,3,4,2,7,15,16,18
8452,29,15,1,13,26,11,0,10,24,6
8451,10,15,19,26,16,9,20,2,3,1
8450,10,3,8,26,16,2,7,2,16,18
8065,19,3,18,3,4,2,7,15,16,18
9820,19,3,18,3,4,2,7,15,16,18
51596,0,25,19,4,0,0,20,2,22,19
1523,28,25,4,4,22,0,10,11,22,17
51503,0,0,4,29,22,13,19,11,11,17
57703,21,28,2,8,9,6,13,1,17,12
54883,23,4,6,29,22,13,12,11,0,17
10283,12,13,24,28,18,16,17,7,27,7
55280,8,5,13,10,11,23,22,22,25,26
143884,3,5,16,10,9,20,22,22,17,26
1525,17,23,15,16,24,18,4,29,12,5
6387,28,2,10,0,6,10,3,16,26,10
7852,22,0,10,27,19,27,28,12,26,10
80319,25,26,9,22,13,22,29,20,23,14
51523,20,6,2,8,2,4,6,21,28,28
1534,20,6,2,18,22,4,28,21,28,2
1528,10,27,19,26,16,9,20,2,3,1
80777,10,29,8,26,16,2,27,2,3,1
124936,10,27,8,26,16,9,20,2,20,1
51706,16,17,20,6,23,18,17,18,18,21
51700,11,21,28,20,22,19,26,6,1,20
1727,19,3,18,3,4,2,7,15,16,18
51167,10,29,19,26,16,9,20,2,20,1
1535,10,29,8,26,16,9,27,10,3,6
1537,0,25,4,4,0,0,10,26,22,19
54205,19,3,18,3,4,2,7,15,16,18
23191,21,2,23,19,14,24,13,24,17,16
26999,18,11,13,12,25,1,25,17,25,29
50626,1,4,5,27,17,28,9,11,9,0
1540,19,3,18,3,4,2,7,15,16,18
57404,28,0,6,2,6,10,28,13,11,16
339761,20,6,2,18,2,4,6,21,28,2
3491,19,3,18,3,4,2,7,15,16,18
84418,3,0,6,18,17,4,28,21,9,28
9267,10,29,1,13,16,11,27,10,24,6
9266,5,10,10,2,27,12,28,5,11,8
116159,6,12,22,25,12,21,18,14,5,12
23002,11,22,21,1,1,19,26,28,14,9
1600,29,29,1,13,26,11,0,10,24,6
1601,5,5,29,17,27,24,22,22,8,26
1602,18,11,6,29,25,1,21,21,25,29
1603,5,18,10,24,6,27,14,16,26,16
1605,2,9,22,9,8,5,29,4,23,22
55152,23,15,14,26,1,11,20,10,14,1
57291,19,3,18,3,4,2,7,15,16,18
1611,19,3,18,3,4,2,7,15,16,18
7818,10,3,19,26,16,9,7,2,20,6
1615,10,3,8,26,16,9,20,2,3,1
1616,1,27,5,26,10,13,9,6,0,9
26528,10,15,8,13,16,11,27,10,3,6
9802,27,18,17,14,15,27,28,0,6,8
10926,19,3,18,3,4,2,7,15,16,18
1622,23,15,5,20,16,28,20,6,20,1
1627,10,29,19,26,4,9,7,15,3,18
28988,0,4,14,29,22,28,9,6,9,17
1629,29,8,6,4,26,28,0,23,11,4
79269,18,21,12,12,25,23,12,22,25,20
80344,29,29,1,13,26,11,0,23,24,6
25853,6,10,29,17,12,7,22,12,19,8
25879,0,25,4,20,1,0,12,28,22,0
54876,19,3,8,3,4,2,7,15,16,18
8816,19,3,18,3,4,2,7,15,16,18
55827,10,27,19,1,16,9,20,2,20,17
10238,27,4,28,29,22,28,19,0,6,0
50717,0,0,4,4,0,0,10,26,11,19
79877,1,15,14,1,22,28,9,2,3,17
131566,20,6,2,8,2,6,6,1,28,2
1633,10,29,14,1,16,11,27,10,3,6
9201,7,4,4,4,22,28,12,11,0,17
55802,3,24,16,24,2,6,6,24,2,12
196513,15,24,23,22,12,8,29,19,23,14
167227,11,27,5,20,1,19,26,28,1,9
1635,1,1,26,27,17,25,19,12,0,20
1639,22,0,10,24,17,10,3,13,6,28
10540,11,22,21,20,1,19,26,28,1,9
11258,29,29,1,13,26,11,27,10,24,6
51164,19,15,19,3,16,9,20,2,3,1
84516,3,0,10,0,7,3,3,13,11,10
10671,23,27,19,1,22,9,20,2,20,17
79077,24,1,2,27,27,23,22,25,14,28
54165,18,11,13,12,25,27,14,17,25,29
23142,19,3,18,3,4,2,7,15,16,18
84259,10,29,8,3,4,2,27,15,3,18
1641,19,3,8,3,4,2,7,15,16,18
51181,23,15,14,26,10,28,20,26,0,17
79016,19,3,18,3,4,2,7,15,16,18
23564,11,22,21,20,1,19,26,28,14,9
1642,10,3,19,26,16,9,20,2,16,1
1644,3,10,29,2,9,7,19,12,19,8
80821,11,29,12,13,1,19,20,10,24,6
23259,28,0,10,17,27,10,28,12,15,16
84301,29,29,19,13,26,0,0,6,24,1
1649,24,22,21,5,28,23,8,25,13,24
54541,0,25,4,4,0,0,20,26,22,19
1650,23,27,5,1,10,13,20,26,11,17
780,22,5,11,19,27,24,3,8,19,23
4921,1,1,4,27,19,13,9,26,0,17
65992,3,10,10,0,27,27,14,13,6,0
1652,0,25,5,26,10,9,20,11,20,17
1653,1,1,6,27,22,19,0,6,0,4
1662,23,1,14,27,22,28,12,26,0,17
1663,18,1,26,29,22,27,12,21,0,0
10521,27,1,17,14,22,25,9,0,9,20
8886,10,3,8,3,16,9,7,15,3,18
55308,19,3,18,3,4,2,7,15,16,18
11269,8,21,13,5,28,1,21,25,25,29
11218,19,3,18,3,4,2,7,15,16,18
9188,23,27,19,26,16,9,20,2,3,1
9416,29,15,14,1,26,11,0,10,24,6
57062,1,4,28,29,10,25,9,6,0,17
55661,6,18,11,2,15,24,22,8,17,8
55794,23,22,12,20,10,19,26,6,1,9
10212,28,4,5,29,22,13,10,26,0,17
7919,19,3,18,3,4,2,7,15,16,18
1654,5,8,6,17,6,28,0,23,26,4
8653,11,15,5,29,17,19,9,6,1,9
51428,7,1,5,29,22,25,9,26,9,20
11325,19,3,19,26,4,2,7,15,16,18
9879,2,24,23,25,3,5,18,24,23,22
1655,20,6,26,18,22,4,6,21,0,17
79009,18,11,13,12,25,1,25,12,14,0
11056,23,27,5,26,22,25,20,11,3,1
79039,21,24,11,22,14,20,13,5,17,12
57696,19,3,18,3,4,2,7,15,16,18
54606,11,27,19,20,1,9,20,28,3,1
83479,10,27,8,1,16,9,20,2,3,1
1656,10,27,19,26,16,9,20,2,20,1
10522,29,29,1,13,26,11,27,10,24,6
1666,0,25,4,4,0,0,20,26,22,19
26063,29,15,1,1,10,11,0,10,24,4
9191,10,3,19,26,16,9,7,15,3,18
54849,16,17,20,6,23,29,23,18,18,21
8560,28,25,14,27,0,28,10,26,22,17
7913,6,2,16,24,9,10,28,5,8,8
163486,10,29,8,26,16,9,20,2,20,1
27147,10,15,14,13,26,9,27,10,24,6
10260,16,17,20,6,23,29,23,18,18,21
55667,29,29,14,29,10,0,27,26,22,1
23258,8,21,26,12,25,23,25,13,25,26
160518,19,3,18,3,4,2,7,15,16,18
201627,10,27,5,1,16,9,20,2,20,17
8562,1,21,5,1,17,28,0,28,20,17
55789,8,11,13,12,25,1,25,17,25,29
51071,19,3,18,3,4,2,7,15,16,18
79139,7,18,17,24,15,25,19,13,9,10
51009,29,1,14,5,22,28,9,26,1,17
27351,10,3,8,26,16,9,7,15,16,18
51029,10,15,14,26,16,9,27,2,20,1
28955,19,3,8,3,4,2,7,15,16,18
1676,10,27,14,26,16,9,20,2,3,1
85359,18,4,26,12,25,27,21,6,0,17
54487,29,29,19,1,26,11,27,10,3,1
1607,0,25,4,4,22,0,9,26,11,19
8527,29,29,1,13,22,11,0,10,20,6
1716,7,5,17,14,15,25,3,0,6,20
1719,9,26,9,9,21,22,29,4,4,14
1725,22,2,11,17,7,3,3,16,8,23
115817,19,3,18,3,4,2,7,15,16,18
51635,10,27,5,26,16,9,20,2,20,1
207063,8,0,26,10,17,23,14,22,6,28
55526,10,27,19,26,16,9,20,2,14,1
1665,10,29,8,13,16,11,27,10,3,6
8449,17,23,15,16,24,18,4,19,12,5
54505,19,3,18,3,4,2,7,15,16,18
22907,10,27,19,26,16,9,27,2,3,1
55760,5,5,28,24,27,12,11,13,9,10
170506,1,25,5,26,10,28,10,26,9,17
9785,0,25,4,4,0,0,10,26,22,19
79665,23,27,5,1,1,9,9,28,0,9
90957,14,21,3,23,28,23,11,27,13,27
1659,22,6,2,2,2,7,6,24,28,8
1660,6,10,29,24,15,12,13,8,15,16
1729,3,18,17,14,27,23,11,22,6,20
23405,23,27,8,1,16,9,20,2,20,1
11083,27,18,12,14,27,25,19,0,6,20
1734,17,23,15,16,24,18,4,29,12,5
23181,7,1,5,29,22,13,9,6,0,20
22982,7,18,17,14,15,13,3,0,6,20
22894,24,22,21,18,28,4,8,25,13,28
115752,16,17,20,6,23,29,23,18,18,21
85458,0,25,5,1,0,0,10,26,22,19
1736,2,24,23,24,3,21,13,8,2,22
27122,10,27,19,1,1,9,20,28,3,9
1737,1,22,14,18,1,19,26,28,14,28
1738,23,15,5,1,1,19,26,28,14,9
1739,10,3,8,26,16,2,27,15,3,18
1741,19,3,18,3,4,2,7,15,16,18
9231,24,21,3,20,22,19,11,11,1,17
22839,23,1,5,29,22,4,9,12,1,0
9787,0,25,4,1,0,13,12,6,22,17
8788,14,23,3,23,23,18,4,18,10,5
28514,8,11,13,12,25,1,25,17,25,29
55929,22,0,17,24,15,25,3,12,9,10
1756,11,22,21,1,1,19,26,11,14,9
63951,22,10,11,17,3,21,1,8,19,23
9988,29,15,8,13,26,11,27,10,24,6
1657,10,3,8,26,16,11,27,2,3,1
23312,16,17,20,6,23,29,23,18,9,21
55172,1,15,5,1,22,28,9,11,0,0
127602,29,29,1,13,26,11,27,10,20,6
3301,19,3,18,3,4,2,7,15,16,18
10294,11,15,21,20,1,19,26,28,1,9
3337,7,1,26,27,25,27,28,16,0,0
51726,3,4,26,27,17,3,12,13,11,28
54788,27,1,28,14,7,27,19,13,11,20
79982,19,3,8,3,4,2,7,15,16,18
3300,10,27,19,1,1,9,20,28,20,1
11080,11,21,5,20,1,19,26,28,1,9
10049,10,3,8,26,16,2,20,2,3,1
4189,23,25,4,4,10,0,10,11,0,17
64215,8,11,13,10,11,20,25,19,25,29
54431,19,3,18,3,4,2,7,15,16,18
55735,19,3,8,3,4,2,7,15,3,18
56521,19,3,18,3,4,2,7,15,16,18
23317,28,4,28,24,7,10,19,12,6,10
29103,23,4,5,1,10,13,20,26,20,17
23341,28,10,6,18,17,10,14,21,8,28
202052,11,22,12,20,1,19,26,28,14,24
131118,19,3,18,3,4,2,7,15,16,18
27000,24,22,12,5,28,23,8,25,13,24
134218,1,1,14,20,10,13,9,6,0,20
120526,15,24,11,9,12,21,18,14,17,12
51277,29,29,1,26,26,28,27,6,3,1
5611,10,3,19,26,16,2,7,2,3,18
3338,29,4,6,29,10,28,12,23,11,17
80331,7,1,5,1,7,25,9,26,9,10
7266,10,15,19,13,26,11,27,10,24,6
22826,27,18,17,14,17,25,3,0,6,20
23234,29,8,6,29,22,27,0,23,11,4
83544,19,27,8,26,16,9,20,2,3,1
10126,28,5,26,0,17,10,28,13,6,24
7802,10,27,8,26,16,9,20,2,3,1
1773,19,3,18,3,4,2,7,15,16,18
1777,15,9,9,7,21,8,18,20,29,3
1759,2,2,11,14,3,21,13,8,17,23
10059,23,15,14,26,16,9,20,2,3,1
23268,3,5,10,17,6,10,14,23,8,4
1786,23,15,26,27,17,28,20,26,9,17
1788,10,29,19,26,16,9,27,10,3,18
23549,0,25,26,4,22,0,10,11,9,17
10591,19,3,8,3,4,2,7,15,16,18
116092,16,17,20,6,23,29,23,18,18,21
30836,19,15,19,26,16,2,7,15,3,1
8447,20,6,2,18,17,4,14,21,28,28
1793,15,12,22,25,8,5,24,14,23,14
85440,11,27,19,26,1,9,20,28,3,1
55715,12,13,24,28,18,16,23,7,18,7
29980,0,25,4,4,0,0,10,26,22,0
23033,8,11,13,12,25,1,25,17,25,29
84444,10,29,8,26,16,9,27,2,20,1
25911,1,15,6,1,22,28,10,26,22,0
5977,23,27,5,18,22,4,12,21,9,17
285381,7,1,26,26,10,25,20,11,9,17
51611,21,9,9,22,5,8,24,14,7,3
92715,7,18,17,14,15,25,19,0,6,20
8813,27,1,5,4,22,25,9,26,0,0
8818,10,3,8,26,16,9,7,2,3,1
54344,5,0,10,0,7,10,14,5,8,10
57628,14,16,3,23,20,20,24,27,10,27
10072,10,15,8,26,16,9,20,2,3,1
29952,9,20,0,21,13,14,15,9,21,25
54878,19,3,18,3,4,2,7,15,16,18
147991,19,3,18,3,4,2,7,15,16,18
286148,14,16,27,23,20,15,2,27,10,27
84661,22,11,13,10,25,23,25,22,26,29
1808,23,27,19,26,16,9,20,2,3,1
1809,10,15,8,26,16,9,20,2,3,1
10570,10,29,1,13,16,11,27,10,24,6
56896,11,22,21,1,1,19,26,28,1,9
1810,10,3,8,3,4,2,7,2,16,18
128338,10,29,14,13,16,11,27,10,20,1
10589,7,1,28,29,17,25,14,0,6,0
4733,10,29,19,26,16,2,20,2,3,1
1819,5,10,6,2,15,7,13,5,8,16
29102,10,29,8,26,16,9,27,2,3,1
1824,10,3,8,3,16,2,20,2,3,1
10311,19,3,8,3,4,2,7,15,16,18
1829,20,6,10,27,19,10,14,12,8,2
1832,25,26,22,9,21,22,29,20,5,14
667,9,14,0,7,13,8,15,20,29,15
11034,0,15,14,1,22,13,10,11,20,17
25778,2,24,16,14,3,3,22,8,15,16
92675,19,3,18,3,4,2,7,15,16,18
1837,5,5,28,2,19,10,28,16,26,28
84062,7,0,6,29,19,28,12,12,22,10
56986,19,3,18,3,4,2,7,15,16,18
196403,7,1,28,14,22,13,19,11,9,20
1841,20,21,28,18,28,4,14,21,9,0
11062,19,3,8,3,4,2,7,15,16,18
1843,22,0,29,24,9,12,1,5,26,8
11221,20,1,26,18,7,4,12,21,0,28
8446,19,3,18,3,4,2,7,15,16,18
11266,1,22,26,18,22,4,14,11,9,0
11072,24,5,21,5,17,23,11,22,13,26
56940,6,18,17,2,15,24,19,8,26,8
54935,19,3,18,3,4,2,7,15,16,18
1845,1,27,14,1,17,13,9,2,20,9
1846,2,0,16,2,9,3,25,5,19,16
1848,10,29,19,26,16,9,27,2,3,1
1854,18,1,5,1,22,28,10,26,0,17
1856,27,18,17,29,7,25,19,0,9,10
1857,12,13,24,28,18,18,17,7,12,7
54808,0,25,14,4,0,0,20,26,22,19
1778,5,0,29,2,6,12,28,12,19,19
1781,23,15,19,26,16,9,20,6,20,1
51143,1,4,26,29,17,28,9,26,0,17
1783,29,29,1,1,10,11,27,10,24,6
79659,11,27,14,20,22,28,20,11,1,9
51626,23,27,5,1,10,25,9,28,9,9
8655,0,25,4,1,0,0,10,26,22,19
140735,23,25,5,1,10,13,10,26,0,17
83658,23,15,5,20,10,28,9,26,3,17
6993,5,8,16,0,19,24,0,23,26,4
6990,20,10,10,17,15,10,14,13,11,8
1859,23,4,5,26,22,25,19,0,0,17
8798,24,5,10,0,11,24,8,5,26,10
55184,22,0,10,24,27,3,3,12,8,8
22873,27,18,28,14,19,3,22,12,6,23
9666,11,22,21,5,1,19,26,28,14,9
1871,5,8,4,29,6,10,28,23,11,19
1874,10,29,1,1,16,9,27,10,20,1
1876,23,27,14,1,1,19,20,11,14,1
144455,27,1,17,24,27,27,19,13,9,20
79733,10,29,19,26,16,9,27,2,3,6
85403,10,3,19,26,16,9,20,11,3,1
55837,28,18,6,29,19,10,28,12,9,10
9166,7,1,4,27,7,13,10,13,14,0
10969,3,21,28,10,27,23,3,22,8,10
10682,24,21,21,5,28,28,8,25,14,24
84650,10,27,8,26,16,9,20,2,3,1
11319,11,22,12,1,1,19,26,11,1,9
1889,10,3,19,26,16,2,27,15,3,18
1891,16,17,20,6,23,29,23,18,18,21
55862,1,4,26,20,22,13,12,12,0,10
1892,1,27,5,1,22,13,9,2,20,17
1632,17,17,15,6,23,18,4,29,12,21
10455,7,4,26,14,22,13,9,23,0,17
51295,11,22,12,20,1,19,26,6,1,9
1894,9,14,0,7,5,14,16,20,29,15
80267,19,15,8,3,16,9,7,2,20,18
8721,23,15,14,1,10,9,20,11,3,17
26098,1,4,5,29,10,25,9,11,0,20
8411,19,3,18,3,4,2,7,15,16,18
8726,8,11,13,12,25,1,21,17,25,29
1915,24,22,21,5,28,19,8,25,13,24
158078,20,6,2,8,2,6,6,1,28,2
221143,2,2,16,2,9,24,1,14,17,8
1933,0,4,4,0,22,13,12,26,11,10
1936,0,25,4,4,0,0,10,26,22,19
9521,7,4,14,14,10,25,9,0,0,20
1938,1,4,6,29,7,28,14,26,0,10
90141,23,15,5,27,22,28,9,26,9,0
9813,19,3,8,26,16,9,20,2,3,1
84288,1,25,12,12,1,0,21,28,1,9
2202,1,4,4,29,22,0,12,26,0,17
30008,24,22,21,20,28,19,8,25,13,24
114327,10,27,14,1,16,9,20,2,20,1
79180,10,3,8,3,16,9,20,2,3,1
79631,7,0,28,27,17,25,14,0,9,0
1945,10,3,19,3,4,9,7,15,3,18
1946,19,3,18,3,4,2,7,15,16,18
1948,11,21,21,29,28,19,11,23,1,0
1949,19,3,18,3,4,2,7,15,16,18
23167,19,3,18,3,4,2,7,15,16,18
10278,18,4,14,27,22,28,12,26,22,17
9343,1,27,14,20,10,28,9,26,9,17
25975,28,8,6,27,19,3,14,23,26,4
54583,16,17,20,6,23,29,23,18,18,21
112398,1,1,26,29,7,19,14,25,9,10
112399,19,3,18,3,4,2,7,15,16,18
1958,10,15,8,26,16,2,27,10,20,18
23301,23,29,19,1,16,9,20,2,20,6
1962,19,3,18,3,4,2,7,15,16,18
79813,10,29,8,26,16,2,27,10,16,6
10919,29,8,29,17,6,7,0,23,15,4
9538,20,6,2,18,27,4,14,21,28,26
23741,28,5,26,10,27,3,3,12,8,20
163126,0,0,4,4,0,0,12,13,11,19
10209,6,18,10,10,11,23,1,16,8,23
1964,0,25,4,4,0,0,20,26,22,19
9086,5,8,16,17,19,7,0,23,26,4
10289,12,13,24,28,18,16,17,7,27,7
83939,15,28,22,25,3,5,29,24,5,22
27102,0,25,4,4,0,0,20,2,22,19
5610,10,15,14,26,16,9,27,2,20,1
440275,10,29,19,13,16,11,27,10,3,6
1967,1,15,5,1,10,13,10,6,0,17
8892,5,5,17,2,27,27,19,23,26,10
8891,19,3,18,3,4,2,7,15,16,18
8890,7,1,26,29,15,25,14,0,0,20
8893,10,15,5,26,16,28,20,2,3,1
1939,27,18,28,27,22,27,28,12,6,10
1965,29,8,1,13,26,11,0,10,24,6
8894,21,7,11,10,9,23,22,19,2,26
1968,24,21,21,5,28,23,8,25,13,24
255308,0,25,4,29,22,10,12,11,0,0
8661,11,27,5,20,1,9,20,28,14,9
8662,10,3,8,3,16,9,20,15,3,1
8664,8,11,13,12,25,1,25,17,25,29
3646,22,8,10,29,6,7,0,23,11,4
8665,23,22,26,18,22,4,10,6,14,28
339799,26,14,0,7,29,14,16,20,29,11
8666,28,10,6,29,19,27,14,5,8,0
8667,14,13,3,23,20,16,11,18,10,7
8668,29,8,6,0,22,13,28,23,26,4
8669,19,3,8,3,4,2,7,15,16,18
27335,11,22,12,1,28,19,26,28,14,9
51386,9,28,9,7,13,22,16,20,29,15
10480,6,5,16,24,6,20,3,8,26,8
1974,23,27,14,26,16,9,20,2,3,1
9775,10,27,8,1,16,9,20,2,3,1
1975,28,1,4,29,22,28,12,6,22,17
1977,21,28,23,22,8,26,24,19,23,14
9470,29,8,1,13,26,11,0,10,24,6
1978,11,22,14,20,1,19,26,28,1,9
1979,9,14,0,11,21,8,24,20,7,3
56478,15,26,22,19,21,5,29,14,23,22
1981,0,25,14,27,17,28,19,12,22,17
1982,0,25,4,4,0,0,20,26,22,19
8672,1,27,14,26,22,9,10,11,0,17
7458,0,25,4,29,22,28,10,26,11,17
1983,19,3,18,3,4,2,7,15,16,18
1984,22,8,6,0,19,7,28,16,26,4
9669,10,3,8,26,4,2,7,15,3,18
3692,23,27,5,26,16,9,20,11,3,1
60528,1,1,26,27,7,25,14,0,9,20
1994,29,8,1,13,26,11,0,23,20,4
1996,29,8,1,0,26,11,0,23,24,4
1997,0,1,4,29,22,27,12,23,11,17
1998,10,27,8,1,16,9,20,2,3,1
392617,1,21,14,1,22,13,9,11,0,17
22936,9,26,9,11,8,8,16,20,4,11
63916,11,15,14,1,16,9,20,6,20,17
255520,19,3,18,3,4,2,7,15,16,18
84337,1,1,5,1,22,28,10,26,14,17
54898,1,4,5,27,25,25,9,26,0,0
6785,11,27,14,1,1,19,26,28,1,9
60481,10,29,19,26,16,11,27,2,3,6
79071,7,18,10,17,19,12,28,0,26,10
55250,20,6,2,18,2,4,6,21,28,2
55140,23,27,19,26,10,9,9,2,0,1
26610,7,5,28,27,7,27,14,25,6,24
23587,18,11,13,12,25,1,21,17,25,29
54859,29,8,28,17,7,12,14,23,26,20
133418,27,1,26,27,7,27,14,16,9,10
23065,15,24,29,19,9,21,29,24,2,22
284361,6,24,16,2,12,24,22,3,15,23
9694,19,3,18,3,4,2,7,15,16,18
55831,11,15,12,1,1,19,26,28,1,9
51234,9,9,9,9,21,8,15,20,4,14
83460,11,27,14,1,1,9,26,28,14,9
56851,20,6,2,18,2,10,6,22,28,26
10328,0,4,28,1,22,0,10,23,11,17
51016,24,22,6,20,7,12,14,23,13,28
2010,2,12,16,25,3,26,18,8,17,22
146956,8,11,13,12,25,1,25,17,25,29
10436,0,25,4,4,0,0,10,26,22,19
2009,11,22,21,5,1,19,21,25,14,9
24139,19,3,18,3,4,2,7,15,16,18
27436,28,5,10,27,19,10,3,5,6,10
2013,29,8,1,13,26,11,0,23,24,4
56946,16,17,20,6,23,29,23,18,18,21
55740,7,4,14,27,22,13,10,26,9,17
8507,10,27,19,26,1,9,20,2,20,1
2023,10,29,19,26,16,9,27,2,20,18
2026,24,22,12,5,7,19,8,25,14,0
2027,6,6,11,10,14,3,6,22,17,2
58478,0,25,4,4,0,0,10,11,22,19
55556,28,0,10,29,19,10,28,13,8,10
10495,10,29,19,26,16,9,27,10,20,6
5168,23,22,14,20,1,13,26,28,1,9
2029,29,8,1,13,26,11,0,23,24,4
9583,1,15,4,1,10,28,9,26,0,17
56943,10,15,8,26,16,9,27,2,3,6
2033,1,4,5,29,17,13,10,26,0,17
57634,22,5,29,0,6,3,3,5,8,28
347918,19,3,18,3,4,2,7,15,16,18
2035,19,3,18,3,4,2,7,15,16,18
2036,1,27,5,1,10,13,20,11,20,1
2037,23,15,19,1,10,9,20,2,20,1
23136,10,3,8,26,4,2,7,2,3,18
64097,0,4,4,29,10,27,12,6,11,17
57669,10,15,8,26,16,9,20,2,3,1
80314,6,24,23,9,3,26,24,19,2,22
26122,24,21,12,20,28,23,8,22,13,24
4072,1,27,26,1,1,9,26,28,3,9
2042,24,21,21,20,7,19,28,25,13,24
2043,19,3,18,3,4,2,7,15,16,18
2045,23,4,5,18,10,13,12,26,20,17
2048,5,2,6,0,9,12,28,5,26,8
2053,1,25,14,27,22,13,9,6,9,17
9852,10,3,8,3,16,9,20,2,20,1
29924,14,28,22,22,12,5,15,4,4,14
22905,19,3,18,3,4,2,7,15,16,18
2058,24,22,12,5,28,13,8,25,1,24
2060,0,25,14,1,22,0,26,28,22,17
58513,10,27,8,26,16,9,20,2,3,1
2059,10,3,19,26,4,2,7,15,3,18
51752,28,1,28,29,22,28,14,23,0,28
55914,12,17,24,28,18,16,17,18,18,21
23085,19,3,8,3,4,2,7,15,16,18
26059,15,9,23,7,21,5,15,4,4,11
57222,7,5,6,17,6,7,0,23,15,4
51290,10,27,14,26,16,2,20,2,3,1
51614,29,25,28,27,10,13,9,12,0,4
2079,0,1,12,1,7,25,9,0,9,0
90459,29,29,1,13,26,11,27,10,24,6
112479,1,27,14,1,22,9,20,2,20,17
79033,8,11,13,12,11,24,25,17,25,29
157697,19,3,18,3,4,2,7,15,16,18
203111,1,27,5,1,22,29,12,11,3,17
27248,10,29,8,3,16,11,27,10,3,6
10613,11,27,12,20,1,19,26,11,1,9
11160,25,9,22,19,21,21,29,3,5,22
30001,1,15,5,20,10,9,20,28,3,9
10961,29,8,6,1,22,11,0,23,11,4
23071,1,1,6,29,7,7,14,13,6,10
54206,10,3,8,26,16,2,27,2,20,1
114799,21,7,23,2,11,20,25,16,2,12
2098,1,1,5,27,17,13,9,11,20,17
51575,19,3,18,3,4,2,7,15,16,18
57488,27,1,12,20,7,13,26,25,1,20
54465,23,15,19,26,10,9,20,11,9,1
2107,29,27,5,26,22,9,10,2,20,17
2108,23,15,14,26,10,13,20,11,1,9
2109,0,25,4,4,0,0,10,26,22,19
2110,20,6,2,8,2,6,6,1,28,2
144363,7,22,17,29,28,25,9,25,14,10
55500,0,25,5,4,0,0,12,26,22,0
2114,11,22,12,5,1,19,26,28,14,9
2117,10,27,14,26,16,9,20,11,20,1
132884,11,27,19,20,1,9,20,2,20,9
7813,19,3,18,3,4,2,7,15,16,18
51466,10,15,19,26,16,11,27,10,3,6
2130,13,28,27,22,18,8,24,7,7,14
55218,19,3,8,26,16,2,7,2,20,18
55763,15,28,23,19,8,24,13,24,2,12
55770,1,27,5,1,1,13,20,26,22,17
11336,23,27,5,26,1,13,20,6,3,1
60412,10,3,8,3,4,2,7,2,16,18
10640,1,8,6,0,19,27,19,13,11,17
54536,7,1,17,1,17,25,9,0,0,20
23233,18,11,13,12,25,1,21,17,25,29
23265,10,29,19,26,16,9,27,10,16,6
149371,19,3,18,3,4,2,7,15,16,18
51013,23,27,14,20,1,13,20,6,14,9
5394,7,15,5,1,22,25,9,0,6,20
23404,12,13,24,28,18,16,17,7,27,7
51010,21,12,23,22,14,26,24,24,2,3
54512,7,1,17,14,7,25,19,0,6,20
23016,29,8,1,13,26,11,27,10,24,6
11340,27,5,17,24,17,27,3,8,15,23
5393,10,27,5,26,16,9,20,2,3,1
23086,20,6,28,18,2,4,6,21,28,2
2132,28,4,5,18,10,27,12,22,9,0
2135,19,3,18,3,4,2,7,15,16,18
2139,23,15,8,1,10,9,20,2,20,1
2070,7,0,26,27,27,27,19,12,9,28
2145,23,15,5,20,22,28,10,28,14,9
2146,6,10,16,2,12,3,22,5,17,12
7430,17,23,15,16,24,18,4,29,12,5
50848,24,4,28,29,28,28,9,21,14,28
2149,5,6,10,18,2,4,3,21,26,28
2152,0,0,6,27,19,13,12,26,9,17
199990,10,3,8,3,4,2,7,15,3,18
2173,10,29,19,26,16,9,27,10,20,6
3992,19,3,18,3,4,2,7,15,16,18
9415,28,1,28,27,19,27,9,13,11,28
11124,24,22,12,20,28,19,8,25,13,24
23197,11,15,12,20,1,9,26,28,1,9
81889,11,27,12,20,1,19,26,28,1,9
55179,23,25,4,29,0,13,10,26,22,17
84923,11,22,21,5,28,19,8,25,14,24
90736,23,27,5,1,1,13,20,28,1,17
83641,1,27,5,1,1,19,26,6,1,9
90362,10,29,8,26,16,9,20,2,3,1
63901,23,15,5,1,1,9,20,2,20,1
374393,29,8,6,29,22,28,0,23,20,4
92689,23,27,5,26,10,25,19,11,9,0
10827,0,25,4,4,0,0,12,26,11,19
150864,0,15,5,29,22,28,10,26,0,17
55007,19,3,18,3,4,2,7,15,16,18
79607,11,21,21,20,1,19,26,28,1,9
23196,19,3,18,3,4,2,7,15,16,18
158293,24,21,21,20,28,27,8,25,13,24
84498,7,4,14,14,22,13,9,0,9,20
159090,10,27,8,3,16,9,20,2,20,1
84668,10,15,5,26,16,9,20,2,3,1
8933,20,1,5,18,10,4,10,21,9,28
26071,19,3,8,3,4,2,7,15,16,18
131408,23,4,5,1,10,19,26,28,0,9
9715,1,4,26,29,7,25,10,26,0,0
79137,19,3,18,3,4,2,7,15,16,18
57579,11,21,21,20,22,19,26,28,14,9
84908,16,17,20,6,23,29,23,18,18,21
10144,10,3,8,3,16,2,7,15,3,18
51306,1,15,19,26,10,28,20,28,3,9
220965,11,15,12,1,1,19,26,28,1,9
317662,29,8,1,29,26,11,0,23,24,4
84067,11,22,12,20,1,19,26,28,1,9
57700,9,28,23,9,21,5,29,4,23,3
64760,2,5,29,19,6,21,13,24,19,8
84140,22,2,10,17,19,12,1,8,8,16
26355,5,0,10,4,0,0,3,12,11,28
23201,10,27,8,1,16,9,20,6,16,1
130074,1,15,5,13,22,9,9,0,24,6
221061,28,22,12,29,17,13,12,13,13,24
165215,6,2,11,24,14,6,13,24,19,8
83989,0,25,5,1,22,0,10,26,22,19
345757,28,0,28,17,19,10,28,13,26,10
84142,19,3,18,3,4,2,7,15,16,18
23172,19,3,8,26,16,9,20,2,20,1
283635,22,0,10,2,27,12,22,8,15,23
23116,19,3,18,3,4,2,7,15,16,18
79632,5,8,6,0,6,7,0,23,26,4
10712,6,24,23,2,14,24,24,5,7,12
80011,6,7,23,10,9,21,24,19,2,3
8603,1,27,5,26,1,9,12,11,0,17
139231,23,27,14,26,1,25,9,28,0,9
221786,5,10,10,0,14,7,3,5,26,8
285550,24,0,26,29,28,27,28,16,14,24
63877,11,22,21,20,28,19,26,11,1,9
54942,27,1,17,29,7,25,19,0,6,0
23272,19,3,18,3,4,2,7,15,16,18
54906,23,15,19,13,22,13,9,26,20,1
9917,28,8,26,29,22,28,14,23,9,4
125228,8,11,13,12,25,1,21,17,25,29
116151,10,29,8,26,16,9,27,2,3,18
84293,12,13,24,28,18,16,17,7,27,7
56204,2,26,23,22,21,5,29,14,4,3
63939,19,3,18,3,4,2,7,15,16,18
57184,27,5,26,27,27,25,3,13,6,10
387680,29,8,5,4,22,28,20,6,11,17
253725,22,5,10,24,14,21,22,16,15,16
340277,19,3,19,3,4,2,7,15,16,18
55731,19,3,18,3,4,2,7,15,16,18
196951,23,21,26,29,7,25,9,28,0,20
375190,23,15,5,1,1,9,20,11,3,1
26017,11,27,5,26,1,9,26,2,3,9
10447,19,3,18,3,4,2,7,15,16,18
404636,24,4,21,20,17,19,8,25,13,0
55603,27,8,6,29,17,25,0,23,26,4
51571,28,1,26,18,27,4,14,21,9,0
9130,20,6,2,8,2,6,6,21,28,2
51307,29,29,8,13,16,11,27,10,3,6
58516,23,15,19,26,1,9,20,11,3,1
54629,28,0,28,27,19,10,19,13,8,0
199870,24,22,21,5,28,23,8,25,13,24
143684,7,18,17,14,7,11,19,23,24,20
157638,1,27,14,18,10,4,10,6,9,17
23625,23,15,5,26,10,28,10,6,20,17
51439,27,0,10,2,19,10,28,12,8,16
137392,7,1,17,14,7,13,19,0,9,20
84191,0,25,6,4,0,0,12,6,11,19
51647,6,10,29,25,12,7,1,3,19,8
25940,24,21,21,5,28,19,8,25,13,0
283742,10,3,8,3,4,2,7,15,16,18
22909,7,1,26,29,7,28,19,0,6,20
2177,10,27,19,26,16,9,20,2,3,1
2188,10,29,14,26,16,9,27,2,22,1
55215,11,27,5,26,1,9,20,2,3,1
55120,21,7,23,22,12,21,24,19,7,22
57697,1,22,6,29,6,10,28,13,26,2
92565,14,21,3,23,0,0,11,16,11,27
84188,19,3,18,3,4,2,7,15,16,18
10160,12,13,24,28,18,16,17,7,27,7
2193,5,0,6,2,19,7,22,5,8,28
79675,11,15,14,1,1,9,20,2,3,1
22868,10,29,19,13,10,11,27,10,3,6
2195,5,18,10,14,15,12,28,23,8,16
120114,18,11,13,12,25,1,21,17,25,29
2197,2,18,6,24,27,10,19,13,8,10
2091,11,15,5,26,1,9,26,28,1,9
2192,11,27,5,20,17,19,26,6,9,9
2201,1,27,14,29,22,25,10,11,20,17
79176,11,27,12,1,1,19,26,28,14,9
25827,23,15,14,1,22,4,10,21,0,17
84961,1,4,19,1,10,13,9,28,1,17
26224,10,3,8,3,16,9,20,2,3,1
26234,2,5,29,2,15,24,22,8,19,23
80204,7,0,26,24,7,10,19,13,6,10
84893,27,5,10,24,27,23,22,12,6,28
23014,11,15,12,20,1,19,20,28,14,9
26263,11,22,12,20,1,19,26,28,14,9
26260,24,22,21,20,28,19,8,25,1,24
26273,11,27,5,26,10,9,20,11,0,9
84085,11,15,5,20,1,19,26,28,1,9
55030,20,5,28,18,17,4,14,16,8,0
81545,28,1,26,27,7,3,19,12,6,10
200933,11,27,5,1,1,19,26,28,14,9
26271,23,1,5,29,10,28,12,26,20,17
25793,19,3,18,3,4,2,7,15,16,18
26269,24,22,21,5,28,19,8,25,13,24
26268,0,25,5,26,0,13,10,11,3,17
23291,14,16,27,23,20,15,2,27,10,27
26190,18,22,13,12,25,1,21,17,25,29
6468,23,27,14,20,1,13,26,28,14,9
54461,0,1,14,20,10,25,10,6,0,17
55294,1,27,5,1,10,9,20,26,20,17
26259,1,1,26,29,10,28,9,0,0,0
84261,11,27,12,1,1,19,26,28,1,9
51077,10,3,8,3,16,9,7,15,16,18
115548,10,15,8,26,16,9,20,2,3,1
2222,8,5,6,24,6,3,28,13,26,8
2224,29,4,1,13,26,11,0,10,24,6
2230,1,27,26,13,22,13,10,26,22,17
2235,22,0,28,17,19,27,28,5,26,10
10116,14,16,3,23,20,15,2,27,10,27
56929,22,2,11,25,9,24,13,8,19,22
2237,27,11,17,10,11,27,14,16,25,26
2241,11,21,12,20,1,19,26,28,14,9
80307,5,18,6,24,27,27,28,16,15,0
10979,29,29,1,13,26,11,27,10,24,6
9638,19,3,8,3,4,2,7,15,16,18
9637,0,1,4,4,22,0,10,26,22,19
55079,7,0,26,27,27,28,19,13,9,28
121512,3,0,29,24,7,10,6,12,9,28
55785,1,1,26,26,17,25,9,28,0,20
2258,6,2,29,17,14,7,6,5,28,12
2259,10,15,8,26,16,9,27,10,20,1
2247,2,24,16,19,3,24,24,8,15,23
2260,20,6,26,18,10,4,12,21,28,17
26127,11,15,5,1,1,9,20,2,20,1
2263,10,15,8,26,4,9,20,2,3,1
2271,6,24,16,25,9,20,1,24,17,8
2273,22,2,10,24,3,21,13,8,19,23
9158,20,6,2,8,2,6,6,21,28,2
9896,19,3,19,26,16,9,20,2,3,1
55137,7,4,26,27,17,25,28,12,0,0
63979,15,12,22,19,8,21,18,3,19,3
11259,19,3,19,3,4,2,7,15,3,18
81608,24,22,21,18,10,19,12,25,1,28
51024,11,27,28,18,22,4,10,11,14,17
60681,10,15,19,26,16,9,20,2,3,1
51303,19,3,18,3,4,2,7,15,16,18
55033,15,9,23,9,21,5,29,14,23,16
23307,19,3,18,3,4,2,7,15,16,18
2280,7,22,12,5,17,25,8,0,14,24
2281,19,3,18,3,4,2,7,15,16,18
2286,16,15,28,20,22,13,23,18,18,17
2287,10,27,8,26,16,9,20,2,3,1
2288,23,27,19,1,16,9,20,2,3,1
2289,10,15,8,26,16,9,20,2,3,1
51661,12,18,26,24,19,12,28,16,26,26
23770,29,8,12,13,26,10,0,23,24,4
2218,28,0,26,4,0,28,10,26,22,17
80308,19,29,8,26,16,2,27,2,20,1
2314,11,22,21,20,1,19,26,28,14,9
2316,18,0,26,27,22,25,12,6,0,0
2317,1,27,5,26,1,13,26,11,0,1
10211,28,25,6,29,22,27,12,6,9,28
2319,19,3,18,3,4,2,7,15,16,18
23767,19,3,8,26,16,9,7,2,3,18
28982,10,29,19,1,16,9,27,2,20,1
114984,29,1,26,1,22,13,9,6,9,17
154791,10,29,8,26,16,9,27,10,3,6
114793,10,29,1,13,26,11,27,10,20,6
2332,24,22,21,5,28,19,8,25,13,24
2335,6,7,22,10,11,26,24,19,2,26
64122,11,27,5,1,1,19,26,28,14,20
79672,0,4,12,29,1,13,9,6,9,17
23048,23,25,6,27,22,13,12,26,0,28
54874,11,21,21,5,28,19,26,25,1,24
23360,11,22,21,20,28,19,8,25,13,24
22862,2,24,11,25,12,26,18,19,7,3
64778,10,29,8,26,16,2,20,2,20,1
252995,21,28,9,22,8,26,24,14,2,3
96459,21,24,16,19,8,24,13,19,2,22
57600,5,0,28,29,19,10,19,13,26,28
2339,28,1,4,27,7,13,14,12,11,28
54914,11,27,12,20,1,9,26,28,1,1
123811,11,22,12,20,1,19,26,28,14,9
2353,24,21,21,5,28,3,8,25,13,0
3169,16,17,24,6,23,16,23,18,18,21
3170,21,7,11,25,11,20,24,19,2,12
2302,8,11,13,12,11,1,25,17,25,26
22887,10,29,14,26,16,9,27,2,20,1
1112,10,27,5,1,16,11,20,11,3,1
2309,10,27,8,3,16,9,20,2,20,1
27086,23,15,19,26,16,9,20,2,3,1
93986,6,24,29,2,14,20,1,24,19,12
116113,10,27,5,1,22,9,20,11,20,9
55572,3,18,10,24,7,10,14,12,15,10
118924,19,3,18,3,4,2,7,15,16,18
341640,27,4,26,18,7,10,14,21,8,20
2483,28,0,28,27,27,3,19,12,9,10
284802,27,4,26,27,27,13,19,12,9,28
257019,20,1,14,18,22,4,12,21,0,17
55691,19,3,8,3,4,2,7,15,16,18
23150,29,15,19,13,26,11,27,6,20,6
10818,10,27,6,26,22,9,20,23,20,17
285527,5,2,10,0,9,12,14,5,26,10
2487,10,29,8,26,16,9,7,2,3,18
6624,23,25,26,1,7,13,12,26,1,0
79187,11,27,12,20,1,19,26,11,14,9
83856,27,4,26,29,0,27,9,13,9,28
401024,29,8,1,14,26,7,0,23,24,4
10468,6,10,29,24,27,3,22,24,19,8
11167,22,10,29,0,6,7,28,5,8,2
2495,24,11,12,5,28,23,21,17,13,24
2512,24,22,21,5,28,19,8,25,13,24
79068,27,27,17,14,22,25,9,0,0,0
117246,10,29,19,26,16,9,27,2,20,1
8880,10,29,8,26,16,2,27,10,20,6
8939,3,5,6,0,17,7,28,12,11,10
2517,27,0,26,24,6,3,3,12,26,2
2519,23,25,5,20,10,28,10,26,20,17
139341,27,5,10,2,7,24,14,16,26,23
65991,7,1,28,29,22,4,14,21,0,28
2521,1,15,5,29,22,9,10,26,0,17
170384,22,4,5,0,10,27,14,23,26,4
2530,16,17,20,6,23,29,23,18,18,21
2395,10,3,8,26,16,9,20,2,3,1
8087,1,15,21,1,7,19,26,11,1,9
53826,7,4,26,27,22,25,12,0,0,4
2534,8,11,13,12,25,27,21,17,25,0
84248,24,22,21,20,28,13,26,25,13,24
8321,0,1,26,20,10,28,12,26,9,0
2535,22,5,10,17,9,10,14,24,19,8
7976,23,22,21,20,28,28,26,28,1,9
8324,7,21,26,27,22,13,10,6,9,0
55632,27,0,28,24,27,10,14,13,0,28
10146,1,21,5,29,22,28,12,13,0,28
9908,18,21,13,12,25,27,21,16,25,29
92579,22,8,10,14,19,12,14,5,17,16
2548,5,0,10,24,27,3,25,22,8,26
2549,5,0,6,29,6,7,14,13,8,10
23710,2,24,23,2,12,21,18,24,19,22
11345,29,29,1,13,26,11,27,10,24,6
2550,10,27,5,26,16,9,20,2,3,1
2551,10,15,8,26,16,13,20,2,20,1
2553,19,3,8,3,4,2,7,15,16,18
126626,0,25,4,4,0,0,10,26,22,19
2562,21,12,23,22,11,26,24,19,7,12
2571,23,15,14,26,16,9,20,2,3,1
1647,20,6,28,18,2,4,6,21,28,2
10912,19,3,18,3,4,2,7,15,16,18
90480,18,22,21,27,25,1,21,17,14,0
2584,23,4,4,4,19,28,14,12,11,28
2589,9,26,9,11,13,8,15,9,4,3
55568,21,7,16,22,14,26,24,19,27,26
63917,19,3,18,3,4,2,7,15,16,18
2590,2,12,22,19,14,20,29,5,27,22
51809,21,9,22,2,12,26,29,24,17,22
2592,1,27,5,20,1,19,26,28,1,9
2593,6,7,28,24,25,1,25,22,25,26
8139,19,3,8,3,4,2,7,15,16,18
23193,11,27,12,20,10,19,9,11,1,9
2596,19,29,19,26,16,2,27,10,3,6
2597,19,3,8,3,4,2,7,15,16,18
26130,19,3,18,3,4,2,7,15,16,18
54433,10,27,8,1,16,9,20,2,3,1
64762,23,1,21,20,7,28,9,11,1,0
60674,23,27,14,1,16,28,20,2,3,1
57798,10,3,8,26,16,2,7,2,20,18
54815,26,20,7,7,13,22,5,9,21,25
57459,28,11,28,10,25,4,6,13,28,26
283459,19,3,18,26,4,2,7,15,16,18
57704,6,8,10,0,19,7,0,23,11,4
2631,1,15,5,1,10,9,10,28,3,17
2632,1,1,26,29,27,13,9,26,9,0
8729,5,6,10,18,19,4,14,21,26,28
25801,1,1,5,29,22,28,14,26,0,17
79571,22,10,16,0,6,10,13,5,8,16
9648,10,15,8,26,16,9,20,2,20,1
6936,23,27,17,1,17,25,9,11,14,9
2644,20,6,2,8,2,6,6,1,28,2
2729,7,18,17,14,7,3,3,0,6,20
54332,23,29,14,26,16,9,27,11,3,1
54834,5,6,10,17,7,10,28,24,26,28
51573,24,21,21,18,28,10,6,21,13,28
10220,22,12,23,19,3,24,18,8,19,12
2664,14,5,3,23,9,12,11,22,26,8
2665,19,29,8,26,16,2,27,10,20,18
2669,16,17,20,6,23,29,23,18,18,21
8487,28,6,26,18,19,4,28,21,0,2
25929,11,27,12,20,1,19,26,28,1,9
79833,1,15,5,26,10,9,12,11,0,17
79760,7,15,5,1,10,28,9,11,20,17
348654,1,15,5,18,10,4,12,21,11,17
85476,28,1,10,27,27,10,14,13,11,0
84340,10,3,8,3,16,9,20,2,3,1
81577,24,21,3,10,7,23,11,22,13,26
2673,1,4,6,29,7,13,12,12,11,28
2674,10,27,8,1,16,9,20,2,3,1
26088,24,21,12,20,17,19,8,25,13,0
23062,17,23,15,16,24,18,4,29,12,5
79017,17,23,15,16,24,18,4,29,12,5
2677,12,13,24,28,18,16,23,18,18,7
8836,11,22,12,20,1,19,26,28,14,9
79893,11,22,12,1,1,13,26,6,1,9
9453,29,29,1,13,26,11,27,10,20,6
27069,2,5,10,2,14,10,13,5,26,16
54994,1,27,4,1,10,28,12,26,22,17
26058,9,26,9,7,21,22,16,4,4,15
116254,1,4,6,27,22,28,12,6,11,4
9837,15,12,22,19,3,5,1,14,5,22
51659,22,5,29,24,15,12,22,8,25,16
84296,18,1,5,27,25,13,12,26,0,17
10755,3,0,28,27,27,13,10,13,11,0
2696,18,4,13,12,25,27,21,17,26,29
9815,2,12,16,19,3,21,22,8,15,23
2697,17,23,15,16,24,17,4,29,12,5
10052,0,15,14,29,10,13,12,26,22,17
256356,29,29,19,13,26,11,27,10,24,6
80318,29,29,1,13,26,11,27,10,24,6
2717,10,29,1,13,26,11,27,10,20,6
2720,23,27,5,1,1,13,10,11,20,17
113263,19,3,8,26,4,2,7,15,16,18
2734,29,8,1,13,26,11,0,23,24,4
2737,7,21,5,20,22,28,26,11,14,0
84662,19,3,18,3,4,2,7,15,16,18
11146,2,10,11,19,9,7,3,24,19,8
112770,29,29,1,13,26,11,27,10,24,6
2739,10,27,19,1,16,9,27,11,24,1
51031,2,2,29,2,14,21,13,3,17,16
8001,25,12,23,19,8,21,13,14,17,12
51022,24,22,21,10,28,12,8,22,13,26
10539,28,0,10,27,27,3,19,13,11,10
51218,29,29,1,13,26,11,27,10,24,6
2744,18,25,13,12,25,1,21,26,25,29
55830,22,10,29,24,27,10,1,3,17,23
51228,22,2,11,10,2,20,22,16,8,10
29997,7,10,28,29,6,25,3,13,6,20
2746,0,25,4,20,1,13,10,26,22,17
2747,10,15,14,26,16,9,20,2,20,1
2752,3,24,10,17,14,7,13,24,17,8
84656,29,29,1,13,26,11,27,10,24,6
64395,20,11,28,18,25,4,12,21,0,29
2764,1,1,5,29,22,13,9,12,9,0
51053,22,5,11,2,9,3,13,24,8,16
29926,25,9,0,7,5,8,15,20,29,11
51292,10,15,14,26,16,9,20,2,3,1
8833,19,3,8,3,4,2,7,15,3,18
2768,10,3,8,3,4,2,7,15,16,18
10672,10,27,19,1,16,9,20,2,20,1
2770,23,22,12,20,1,28,26,28,14,20
2771,11,22,12,5,28,19,26,25,1,24
2773,27,18,28,27,7,25,19,12,9,0
2774,10,27,8,26,16,9,20,2,20,1
2776,20,10,10,24,19,10,3,5,15,16
2778,10,15,1,13,16,11,27,10,3,6
2782,27,5,17,14,15,12,3,8,6,23
2783,19,3,18,3,4,2,7,15,16,18
59345,11,15,14,20,1,9,20,28,0,17
10681,24,4,10,0,17,23,11,16,14,26
2791,29,29,1,13,26,11,27,10,24,6
55970,27,18,17,14,15,25,3,8,13,23
54331,6,10,11,19,14,24,22,8,19,16
2786,19,3,19,3,16,9,7,2,20,1
2787,1,1,14,4,22,13,12,11,9,17
2794,22,5,16,14,9,12,22,12,19,26
29889,18,11,28,12,17,10,14,16,25,28
26354,29,8,1,13,26,11,0,23,24,6
8443,11,27,5,20,22,13,26,28,1,9
10007,20,6,2,8,2,6,6,1,28,2
132789,12,13,24,28,18,16,17,7,27,7
64841,24,22,21,5,28,19,8,25,14,24
79158,3,10,29,0,7,7,14,3,8,8
84572,0,25,6,1,0,0,10,26,11,19
2799,28,2,16,2,27,10,1,5,19,23
2800,11,27,8,26,1,9,20,2,20,1
2801,3,10,21,2,27,10,8,3,8,10
2802,19,3,18,3,4,2,7,15,16,18
2803,18,0,26,29,7,27,28,22,11,28
9950,11,27,19,20,1,9,20,28,20,1
51125,19,3,18,3,4,2,7,15,16,18
23015,10,3,8,26,16,2,20,2,3,1
2804,10,27,14,26,16,9,20,2,20,1
27333,6,7,16,25,9,21,22,14,17,16
51280,19,3,19,3,4,2,7,15,16,18
64083,18,11,13,12,25,1,21,17,25,29
55204,23,27,19,18,10,4,12,26,9,17
51026,1,25,26,29,22,13,12,6,11,17
54856,18,4,28,27,22,27,14,26,0,20
84520,20,6,2,18,2,6,28,16,28,26
57120,24,21,21,29,17,19,8,25,13,28
92344,21,2,16,2,12,26,13,3,19,12
26003,1,4,5,27,10,28,12,26,9,17
9527,19,3,18,3,4,2,7,15,16,18
9570,23,29,19,13,16,11,27,10,3,6
2805,18,11,13,12,25,1,21,21,25,29
2806,12,17,20,6,24,18,4,18,27,21
8733,19,3,8,3,4,2,7,2,3,18
55425,29,8,6,0,22,10,0,23,26,4
57678,1,1,26,29,7,25,12,26,6,0
7918,27,4,17,27,22,25,10,26,9,20
137964,3,5,26,10,27,23,11,22,0,26
55094,24,22,21,5,28,19,8,25,13,24
253635,18,18,28,12,25,13,12,17,0,29
55105,11,22,21,5,28,19,8,25,14,24
55668,7,1,6,27,7,10,14,12,9,0
54865,1,1,5,29,7,19,14,6,9,0
23131,11,15,12,20,1,19,26,28,1,9
65056,19,3,18,3,4,2,7,15,16,18
60313,11,22,14,20,1,19,26,28,14,9
2817,10,15,8,26,16,2,7,2,3,18
2719,22,5,17,14,15,12,1,8,6,23
10082,10,3,18,26,4,2,7,15,16,18
56261,6,7,29,10,9,20,3,22,17,26
2820,23,27,5,1,16,9,20,2,20,1
10243,10,29,8,26,16,9,20,2,20,1
2821,18,11,13,12,25,1,21,17,25,29
27238,0,0,6,29,19,13,12,26,22,19
2823,10,29,19,26,16,9,27,10,20,1
2824,11,27,5,20,1,19,26,28,1,9
11321,2,24,16,2,14,20,22,24,17,26
51184,5,5,11,24,27,12,3,16,26,23
57720,4,20,0,11,5,14,16,9,21,25
23432,10,3,8,26,4,9,7,15,3,18
160897,21,24,16,10,9,24,18,5,17,12
54329,5,6,2,10,11,27,28,16,25,10
114928,19,3,8,3,4,2,7,15,16,18
51704,27,22,10,0,27,7,8,25,13,16
55890,28,0,28,4,0,13,10,12,11,28
285513,1,1,26,29,22,25,9,6,11,0
2873,28,2,10,0,27,27,19,5,8,16
26086,8,11,13,10,11,1,25,17,25,26
29899,2,24,11,19,9,24,1,16,19,23
84706,28,18,17,27,7,3,3,13,6,20
2876,26,9,7,11,5,14,16,9,29,15
2879,29,8,1,13,26,11,0,23,24,4
2882,5,0,10,2,19,27,28,12,15,8
493869,28,1,26,27,7,27,19,13,6,28
57655,29,8,6,29,22,13,0,23,11,4
65983,23,15,19,26,16,9,20,2,3,1
2887,11,22,12,5,1,19,26,11,14,9
2885,3,6,2,8,2,6,6,1,28,2
9687,19,3,18,3,4,2,7,15,16,18
79977,6,2,10,14,6,12,3,16,8,10
9380,1,21,26,18,1,4,10,21,0,0
2893,18,11,13,10,25,23,28,22,25,29
2907,23,25,14,13,10,0,27,26,22,1
23426,7,1,26,14,15,25,19,0,8,10
56850,19,3,8,3,4,2,7,15,16,18
157,10,27,14,26,1,9,20,2,20,1
2869,7,18,17,14,15,12,19,12,6,10
2870,22,12,29,19,14,24,13,8,19,16
2913,19,3,18,3,4,2,7,15,3,18
2896,0,25,4,20,0,28,10,26,22,17
80273,8,11,13,12,25,1,25,17,25,29
2926,10,15,19,26,16,9,20,2,20,1
23199,25,10,29,8,14,10,6,24,28,2
2931,1,4,14,13,22,28,12,0,9,17
2932,24,22,12,5,28,19,8,25,14,24
51527,1,15,14,20,22,13,9,26,22,17
2934,27,18,17,14,15,25,19,0,6,20
2935,1,25,26,29,17,28,12,26,14,28
23708,25,12,22,2,8,21,29,24,23,12
2936,2,2,11,17,9,7,22,3,17,8
2941,27,18,17,14,7,23,9,0,13,20
373156,23,27,5,1,22,9,20,2,20,1
2947,14,16,3,23,20,15,2,27,10,27
2948,19,3,19,26,16,9,20,2,3,1
9446,19,3,8,26,16,2,7,2,3,1
2950,19,3,8,3,4,2,7,15,16,18
2954,24,21,29,5,7,13,26,25,14,24
2957,28,4,12,1,10,13,19,13,9,17
2958,17,23,15,16,24,18,4,29,12,5
2959,19,3,18,3,4,2,7,15,16,18
2960,7,4,26,29,7,27,14,0,9,20
2961,5,8,10,0,6,7,14,3,8,4
2962,10,3,8,3,4,2,7,15,3,18
2963,27,4,26,27,17,10,3,26,0,28
2965,10,29,8,13,16,11,27,10,20,6
2967,23,15,8,26,10,9,20,2,20,1
404672,11,22,12,20,1,19,26,28,14,9
2969,11,22,21,20,1,13,26,11,1,9
9569,19,3,18,3,4,2,7,15,16,18
2971,23,15,8,26,16,9,20,2,3,1
2975,23,1,5,1,22,13,20,6,0,17
9330,21,24,23,8,8,6,29,1,7,12
9329,6,5,11,19,9,20,13,22,19,26
9328,1,8,28,29,22,10,0,23,0,4
112495,19,3,8,3,4,2,7,15,16,18
23560,2,24,16,19,9,20,13,24,19,16
29083,10,15,19,26,16,9,20,11,20,1
2978,27,18,10,2,27,10,22,16,19,10
2977,5,10,26,27,7,3,19,13,9,28
60558,10,29,19,26,16,2,27,10,20,6
2987,10,27,14,1,10,9,9,11,3,20
51454,1,4,14,4,10,0,12,26,20,17
2990,20,6,10,17,2,10,14,5,8,2
283464,28,4,10,29,27,3,12,13,11,28
2992,3,0,28,24,27,27,3,12,9,10
2997,29,8,1,0,26,11,0,23,24,4
64412,1,1,6,29,22,19,9,11,0,4
3005,10,15,8,26,16,9,27,10,20,6
8971,22,8,6,17,19,7,0,23,8,4
55766,7,4,17,14,15,25,19,0,6,20
94239,5,0,6,17,19,7,28,23,26,16
3014,8,11,13,10,25,23,21,22,25,26
9555,19,3,18,3,4,2,7,15,3,18
55506,21,28,22,22,8,26,13,19,17,3
3015,1,1,26,29,7,25,12,0,6,0
3020,14,11,3,12,25,1,11,17,25,29
3021,23,15,14,26,16,9,20,2,3,1
22927,21,7,11,22,11,20,1,19,2,26
201562,23,1,5,26,22,28,10,28,0,17
51495,1,1,26,27,22,28,10,6,9,17
26061,20,6,2,8,2,6,6,21,28,2
3033,2,2,11,19,3,21,22,8,19,23
3030,1,25,14,29,10,28,10,26,9,17
3032,10,15,14,26,16,9,20,2,20,1
3029,11,15,8,26,22,9,20,2,3,1
1404,7,1,5,29,10,28,9,6,0,0
3035,11,15,12,20,1,19,26,28,1,9
23438,28,0,6,17,19,12,28,13,26,8
8520,14,16,3,23,17,15,11,27,10,27
115106,29,29,1,13,26,11,27,10,24,6
55142,5,0,6,29,19,27,28,12,11,28
79441,12,13,24,28,18,16,17,7,27,7
54801,7,27,17,26,22,28,9,0,0,20
10456,14,28,22,22,11,26,24,19,7,22
26959,19,29,19,26,16,2,27,2,3,18
10767,22,0,10,2,6,3,3,13,19,8
3052,11,15,14,20,1,19,26,28,1,9
3054,23,3,14,26,16,9,20,2,3,1
54985,0,25,4,4,0,0,20,2,22,19
29915,29,27,19,13,26,11,20,10,20,1
414777,7,1,28,29,22,28,12,26,11,17
3065,10,27,14,1,16,13,20,2,3,1
3066,0,4,5,27,22,28,9,26,0,17
8841,10,27,5,26,16,9,20,2,20,1
10013,10,3,8,3,4,2,7,15,16,18
55869,23,27,14,1,16,9,20,2,3,1
51020,21,24,2,8,9,6,13,1,15,2
3068,10,3,8,26,16,9,20,15,20,1
84064,23,27,14,20,16,9,20,6,20,1
3069,2,2,29,2,9,24,28,3,17,8
55127,11,15,12,20,10,13,26,28,1,9
63897,10,27,19,26,16,9,20,2,20,1
50865,0,1,14,12,22,3,10,26,11,0
23593,16,17,20,6,23,29,23,18,18,21
25831,19,3,8,3,16,9,20,2,16,1
283450,2,10,6,17,6,10,3,16,8,8
57520,23,1,14,27,22,25,9,6,6,17
57493,29,29,1,13,26,11,27,10,24,6
92797,27,1,26,24,17,25,9,0,9,0
3070,27,4,26,29,0,0,10,26,9,0
113510,17,17,15,16,24,18,4,18,12,21
9931,19,3,18,3,4,2,7,15,16,18
51409,6,2,29,24,9,12,13,3,15,23
9843,24,6,10,18,2,27,6,22,13,26
8925,11,22,21,5,1,19,26,11,1,9
8924,0,1,4,1,22,0,10,26,22,17
400322,7,0,28,27,7,25,19,26,9,28
26091,12,17,20,6,23,29,23,18,27,21
9709,19,3,8,26,16,9,7,2,3,18
64224,29,8,1,13,26,11,0,23,24,6
3280,29,8,10,0,26,7,0,23,11,4
57801,18,11,21,5,25,1,21,22,13,24
55502,2,18,11,19,3,24,1,19,8,8
3073,23,15,19,26,10,9,20,2,3,1
3074,24,21,12,20,28,19,8,25,13,24
10614,16,17,20,6,23,29,23,18,18,21
164045,18,4,26,27,17,27,19,12,0,28
9146,20,7,2,10,11,20,6,22,28,26
138050,27,27,5,27,22,25,9,6,0,17
11147,1,1,6,0,27,10,28,12,9,28
11112,5,2,29,0,6,12,14,12,8,16
26275,11,25,14,1,10,19,10,28,14,9
23119,10,3,19,3,16,9,20,2,20,1
3091,10,27,26,1,10,9,20,2,20,1
64344,10,27,14,26,16,9,20,2,20,1
25994,0,25,4,4,0,28,10,26,22,0
192286,1,1,28,29,10,28,9,26,9,28
51501,3,0,10,24,9,20,22,13,15,8
29923,5,0,6,0,19,27,14,23,22,28
3094,1,27,19,26,16,9,20,2,20,1
84681,10,27,5,26,1,9,20,2,3,1
135114,0,25,4,4,0,0,10,26,22,19
3092,7,0,26,29,7,25,19,6,0,28
204851,3,5,29,0,27,3,22,13,8,8
28996,5,2,11,17,9,24,22,5,26,8
10114,19,29,19,26,16,2,27,10,3,6
8479,11,22,12,1,1,19,26,25,14,9
3007,6,9,23,25,8,8,29,19,7,14
3008,27,18,17,17,27,24,1,16,26,10
8364,10,27,14,1,16,9,20,2,20,1
8349,20,6,2,18,2,4,6,21,28,2
92815,7,27,26,20,10,19,9,0,1,9
3096,0,25,4,4,0,0,10,26,22,19
3098,11,27,5,20,1,9,26,11,1,9
3099,21,7,22,22,9,26,24,19,2,26
3141,0,25,4,4,0,0,10,6,22,19
6596,6,28,22,25,12,20,18,14,17,3
81502,22,5,17,14,15,24,22,8,15,10
79618,16,17,20,6,23,29,23,18,18,21
56941,11,22,14,1,10,13,9,28,14,9
10363,27,5,6,14,19,7,14,23,11,4
10362,11,25,4,4,1,0,26,28,22,9
3159,3,8,6,0,19,10,14,23,26,4
8091,25,12,23,22,8,26,24,19,15,22
3146,18,11,13,12,25,1,25,17,25,29
3148,13,16,27,23,20,15,2,27,10,27
3149,0,25,4,4,0,0,10,26,22,19
3155,28,25,4,27,0,28,10,12,9,17
3156,18,1,28,29,7,13,14,22,0,0
3157,28,1,6,27,7,27,14,13,8,10
3150,19,3,19,3,4,2,7,15,16,18
3151,10,15,5,26,16,9,20,2,0,1
9324,29,8,19,13,10,11,0,28,1,4
79366,18,11,17,12,25,1,25,17,25,29
22993,0,25,4,4,0,0,12,26,22,19
10042,10,15,14,1,16,9,27,2,3,18
3161,28,18,28,29,7,3,9,12,11,0
3163,19,3,18,3,4,2,7,15,16,18
90861,15,9,0,11,13,22,15,9,4,11
10949,1,27,19,1,22,13,20,28,3,17
3178,2,2,11,19,3,24,18,8,19,22
3181,10,29,8,13,16,2,27,10,3,6
220988,5,4,28,27,7,10,19,13,8,0
3182,27,0,28,29,7,27,19,13,26,20
3183,24,22,21,5,28,19,8,25,13,24
653447,11,1,5,20,7,13,26,28,14,20
3184,21,24,2,8,2,6,29,1,2,12
9987,27,18,26,14,19,25,19,0,9,20
3185,28,5,26,29,27,27,19,13,6,10
3187,7,5,26,24,27,7,3,13,6,28
3188,11,27,5,20,1,9,26,28,1,9
3189,25,26,22,25,12,5,29,14,5,14
3190,23,15,4,26,0,9,12,26,20,17
3191,16,17,20,6,23,18,23,18,18,21
92906,28,18,17,24,7,10,14,22,26,0
4670,23,25,14,1,22,0,12,26,0,17
10236,20,6,2,18,6,4,6,21,28,28
3192,21,24,22,22,12,20,24,14,2,3
11100,8,11,13,12,25,1,21,17,25,29
221092,20,6,2,18,2,4,14,21,28,2
9456,23,3,8,26,16,2,20,2,3,1
9454,6,10,16,2,9,20,3,5,17,8
57594,19,3,18,3,4,2,7,15,16,18
51361,11,15,14,26,1,9,20,2,20,1
29911,25,9,23,9,8,5,15,4,23,14
84376,0,25,26,4,0,0,21,13,22,19
50809,27,0,10,0,6,3,3,16,8,10
3241,10,3,8,26,16,2,20,2,3,1
54969,5,2,29,2,6,7,22,24,15,16
3251,10,3,8,3,16,2,7,15,3,18
3257,20,6,26,18,25,4,14,21,0,28
84343,7,4,14,29,7,25,21,25,6,0
89781,8,11,13,10,11,23,11,22,25,26
11234,10,27,14,26,16,9,20,2,20,1
3265,10,3,19,26,16,2,20,2,3,1
3270,23,27,14,26,16,9,10,11,0,1
9653,19,3,18,3,4,2,7,15,16,18
3281,10,3,8,26,16,9,7,15,3,18
150274,19,3,19,3,16,2,7,15,16,18
374875,24,21,21,5,28,23,8,25,13,24
3028,24,22,12,5,28,19,8,25,13,24
51170,6,2,16,2,27,21,13,3,8,8
51144,3,10,10,2,19,20,28,12,15,16
3295,19,3,8,3,4,2,7,15,16,18
7923,19,3,18,3,4,2,7,15,16,18
83693,10,29,8,26,16,11,27,10,3,6
84263,14,16,27,23,20,15,2,27,10,27
3297,10,15,19,3,16,9,20,2,3,1
3298,0,25,4,26,10,13,20,11,22,17
3320,20,6,2,8,2,6,6,21,28,2
3324,10,29,1,1,16,11,27,10,20,6
3323,18,11,13,29,25,28,21,6,0,17
3326,19,3,18,3,4,2,7,15,16,18
391634,27,18,28,27,7,25,19,12,0,10
3327,27,21,28,29,22,28,19,23,11,20
7184,11,15,5,1,1,9,26,28,1,9
7190,19,3,18,3,4,2,7,15,16,18
6782,3,1,28,27,7,27,28,16,9,10
51182,24,22,21,20,28,19,8,11,14,24
3303,27,18,11,17,15,24,13,8,19,23
3304,19,3,18,3,4,2,7,15,16,18
3308,18,11,13,12,25,1,14,17,25,29
22824,11,27,5,26,17,28,9,6,1,9
3309,19,3,8,3,4,2,7,15,16,18
3312,7,18,26,24,7,25,14,13,6,10
3313,19,27,5,1,1,9,20,28,1,9
3315,10,15,14,26,16,9,20,2,20,1
51668,0,25,4,0,0,0,12,26,11,19
23640,1,8,6,0,22,12,0,26,26,10
3329,0,15,4,1,1,9,10,11,9,17
3336,19,3,8,3,4,2,7,15,16,18
10808,7,0,28,27,17,27,19,12,9,20
10553,19,3,18,3,4,2,7,15,16,18
27336,1,25,5,4,10,0,12,6,11,17
27429,22,24,10,24,9,20,1,5,15,8
10075,10,29,19,13,16,11,27,2,24,6
8692,7,1,17,14,7,25,9,0,6,20
10525,22,0,6,24,19,27,3,12,26,16
285148,27,18,17,17,15,25,3,16,8,10
3376,7,1,19,14,10,13,9,0,20,20
55699,2,24,23,9,3,5,18,14,23,22
25998,16,17,20,6,23,29,23,18,18,21
3382,5,0,10,24,0,10,28,5,26,19
23379,18,11,14,12,25,28,21,17,9,29
79664,5,8,10,17,19,7,28,16,26,16
22858,10,27,19,1,16,9,20,2,3,1
23463,22,10,11,24,14,7,3,5,17,8
3397,7,10,17,29,27,25,3,0,6,10
3398,5,11,10,17,19,7,14,23,26,4
3399,7,1,17,17,7,28,19,0,6,20
3400,23,27,26,29,10,13,19,11,0,20
3416,8,11,13,12,25,1,21,17,25,29
3417,23,15,1,13,26,11,27,11,24,6
3418,10,29,1,13,16,11,27,10,24,6
3420,11,22,14,5,1,19,26,28,1,0
3421,0,25,4,26,10,28,10,26,22,17
3422,5,2,10,2,27,27,19,16,26,26
3423,12,13,24,28,18,16,17,7,27,7
9592,9,26,9,7,13,5,15,4,4,15
51124,6,24,11,8,14,6,13,24,28,12
122509,19,3,18,3,4,2,7,15,16,18
24138,19,3,18,3,4,2,7,15,20,18
10581,8,11,13,12,25,1,21,17,25,29
10410,9,14,0,22,5,8,24,20,7,14
3454,19,3,8,3,4,2,7,15,16,18
3459,10,15,8,26,16,9,20,2,3,1
3460,27,18,17,14,15,27,19,0,9,20
3475,0,27,4,4,22,0,10,26,22,17
90410,19,3,8,26,16,9,20,2,20,1
64792,16,17,20,6,23,18,4,18,18,21
11020,11,22,12,20,1,19,26,6,1,9
112752,3,0,6,17,6,3,22,12,8,8
56912,10,3,8,26,16,9,20,2,3,1
51098,28,0,26,29,22,13,9,13,11,10
55081,10,27,8,26,16,9,20,2,3,1
80173,10,27,5,20,16,28,20,2,3,1
57560,20,6,2,18,17,4,3,12,28,28
28981,24,22,21,5,28,19,8,25,14,24
8100,10,29,1,3,16,11,27,10,24,6
3476,14,16,3,23,20,15,2,27,10,27
9543,11,22,12,20,28,19,26,28,13,24
3480,3,2,10,27,6,10,28,13,8,2
10642,18,11,13,12,25,1,21,17,25,29
10644,14,16,3,23,20,15,2,27,10,27
10643,19,3,18,3,4,2,7,15,16,18
3482,7,1,17,14,17,13,9,0,6,20
3485,1,27,5,26,1,9,20,2,0,17
3487,10,3,8,3,4,9,7,2,16,1
3488,19,3,18,3,4,2,7,15,16,18
3547,3,5,16,10,27,23,1,22,2,26
3321,28,4,28,18,10,27,12,21,0,0
57549,23,29,1,13,26,11,27,10,24,6
3550,18,0,13,12,19,27,21,17,26,10
121457,10,3,19,26,4,9,20,2,3,1
8518,3,2,16,10,12,20,1,3,15,12
22807,19,3,18,3,4,2,7,15,16,18
64376,28,0,6,27,6,27,14,13,9,28
3597,24,0,10,18,19,10,28,21,11,2
3606,0,8,28,0,22,0,10,23,11,4
3572,28,5,29,17,27,7,3,5,8,8
3608,11,27,12,20,1,19,26,6,1,9
3609,2,2,29,19,3,26,1,8,15,23
3611,14,16,3,23,20,15,2,27,10,27
80895,29,29,1,13,26,11,0,10,11,4
10994,7,0,26,27,22,13,9,26,9,0
196294,21,12,23,22,12,5,18,19,2,22
83943,24,22,21,5,28,19,8,25,13,24
10989,19,3,18,3,4,2,7,15,16,18
55272,18,11,13,12,25,1,21,17,25,29
92856,10,27,19,26,16,9,20,2,20,1
3612,11,27,19,1,10,9,26,28,1,9
3613,19,29,8,26,16,9,27,2,3,18
55364,28,4,6,29,7,27,14,12,8,28
54928,10,29,19,26,4,2,7,15,3,18
3615,23,15,5,26,10,9,9,28,20,9
9118,19,3,8,26,4,9,7,15,3,18
3619,10,27,8,26,1,9,20,2,14,1
3621,5,4,4,29,19,27,10,26,9,0
3622,11,15,5,1,1,19,26,11,14,9
54556,10,29,8,26,16,2,27,2,3,1
51147,19,3,18,3,4,2,7,15,16,18
84289,3,2,16,25,9,3,22,22,19,12
58493,11,22,14,20,22,28,20,28,1,9
54617,22,18,22,10,2,10,28,22,28,2
54891,10,27,14,13,26,9,27,10,20,6
3631,12,13,24,28,18,16,17,7,27,7
22876,27,5,17,14,15,25,3,12,8,10
3636,24,21,21,10,28,23,8,25,13,24
3638,0,25,4,4,0,0,10,26,22,19
51141,11,22,12,18,28,4,26,21,1,9
3643,10,3,8,26,16,9,7,2,3,18
55174,10,27,5,26,16,9,20,2,16,1
57117,23,21,14,20,22,28,26,28,0,17
57508,24,21,12,5,28,23,8,25,13,24
65123,21,24,23,19,14,24,24,4,7,12
92105,18,10,29,24,6,10,28,16,8,8
26512,20,5,6,18,19,12,14,21,8,2
55656,20,6,21,18,28,4,8,21,28,2
27152,19,3,18,3,4,2,7,15,16,18
27130,0,25,4,1,0,0,10,26,22,19
51447,19,3,18,3,4,2,7,15,16,18
3843,27,18,17,14,10,25,9,0,6,0
10527,3,5,29,24,19,7,28,13,26,8
10526,10,3,19,1,16,2,20,2,3,1
55705,1,25,4,1,0,0,10,26,22,19
3652,14,1,3,23,17,23,11,6,0,27
9657,1,1,21,1,22,28,12,26,1,17
23288,23,21,21,20,28,19,8,28,1,24
84223,1,1,26,27,17,27,12,6,11,0
124152,28,10,10,24,19,27,14,16,8,8
8826,28,0,6,27,19,27,14,26,6,0
10788,11,15,5,20,1,9,9,28,20,9
9922,29,8,1,13,26,11,0,10,24,4
134728,28,5,28,27,7,10,3,12,9,28
51135,0,4,26,27,22,28,9,6,0,17
3658,6,7,11,10,2,26,28,16,2,8
359948,11,15,5,1,10,13,9,6,1,0
64207,16,17,20,6,23,16,23,7,18,21
3661,22,10,10,17,19,10,3,5,11,8
126298,3,5,10,17,27,3,28,16,26,8
3667,24,21,12,5,28,23,21,22,13,26
8660,24,22,21,5,28,19,8,25,1,24
81689,0,25,4,4,0,0,10,26,22,19
122961,23,27,5,20,16,11,0,11,24,1
23479,10,15,1,1,16,11,27,10,3,1
9636,11,22,12,1,1,13,8,28,1,9
81875,3,0,3,23,27,12,11,3,26,26
51015,15,9,9,11,8,22,15,14,4,14
79763,7,4,5,29,7,13,12,26,0,28
9798,5,0,29,17,19,27,19,13,11,8
57461,11,27,14,20,1,19,26,28,1,17
51477,10,27,5,26,16,9,20,2,3,1
83737,29,29,1,13,26,11,27,10,24,6
81533,1,1,5,29,10,13,10,26,0,0
3673,24,21,21,0,7,27,28,13,26,8
3655,7,8,6,0,19,27,0,23,24,4
3682,10,29,19,3,16,11,27,10,3,6
3685,19,3,18,3,4,2,7,15,16,18
3688,3,4,5,29,7,28,9,12,9,28
9270,6,10,29,19,9,21,29,8,19,16
23421,26,20,7,11,13,22,5,20,21,15
3696,1,1,14,1,22,19,12,6,0,17
9445,29,29,1,13,26,11,27,10,24,6
81618,1,27,26,26,10,13,9,2,20,17
3704,5,2,2,0,6,7,6,24,15,28
3709,19,3,8,3,4,2,7,15,16,18
6453,10,3,8,3,16,9,27,2,16,18
50618,10,27,8,3,16,9,20,2,3,1
3712,1,25,6,27,22,13,0,26,11,17
10625,11,22,21,20,1,19,26,28,1,9
55677,1,21,5,27,22,28,9,6,14,0
79960,19,3,18,3,4,2,7,15,16,18
182,15,28,23,19,3,5,18,14,5,14
84522,10,29,14,26,16,2,27,10,20,6
3716,5,0,4,27,19,10,12,26,11,19
9832,1,27,5,26,22,0,10,26,0,17
58494,0,27,4,1,1,9,20,26,20,17
83700,20,6,2,8,2,6,6,1,28,2
3720,28,5,26,0,6,12,3,12,6,28
51528,10,3,8,3,16,9,7,15,3,18
221037,27,5,28,24,7,3,14,25,13,10
133746,1,1,5,29,22,13,10,26,20,17
9929,10,3,8,26,16,2,20,2,3,1
56704,23,15,14,26,22,13,20,6,20,17
554203,7,1,5,27,7,25,9,12,9,20
8690,29,8,1,13,26,11,0,23,24,4
10899,24,21,21,20,28,19,26,25,14,24
3725,19,3,18,3,4,2,7,15,16,18
3727,0,4,4,4,22,0,10,6,0,17
3728,26,20,0,21,29,14,5,9,21,11
8997,11,15,5,20,1,9,26,28,1,9
284058,23,21,12,1,10,19,26,28,1,9
54934,5,5,29,2,19,10,14,5,8,8
55683,15,2,22,2,12,21,18,3,17,14
3735,27,0,6,29,22,10,3,12,11,10
57325,1,1,26,29,17,25,14,26,0,0
10524,28,5,29,0,27,27,28,13,6,16
7994,2,28,11,19,9,24,13,3,2,12
23522,0,1,12,20,1,19,10,28,1,9
11143,2,10,11,2,9,26,22,3,19,23
84148,10,3,19,26,16,9,7,2,20,1
11104,16,17,20,6,23,29,23,18,18,21
84056,24,21,21,20,28,19,8,25,13,24
79768,24,22,21,5,28,19,8,16,14,24
23254,24,7,3,10,9,23,11,22,13,26
25948,11,15,14,1,1,19,26,28,14,9
143879,19,3,18,3,4,2,7,15,16,18
84078,19,3,18,3,4,2,7,15,16,18
56888,8,11,13,12,25,1,25,17,25,29
3773,19,3,18,3,4,2,7,15,16,18
3775,19,3,18,3,4,2,7,15,16,18
3785,1,1,28,1,22,13,10,6,11,0
3790,10,15,19,1,16,9,20,2,3,1
343450,16,17,20,6,23,29,23,18,18,21
284252,22,8,6,17,19,10,14,23,26,4
83892,16,17,20,6,23,29,23,18,18,20
115207,11,22,5,20,1,19,26,28,1,9
57528,29,15,1,13,26,11,27,10,20,6
23510,0,25,5,4,0,0,10,26,22,19
222658,1,27,5,26,22,4,12,26,0,17
51133,19,3,8,3,4,2,7,15,16,18
200845,27,1,17,14,17,10,14,0,6,20
154881,8,11,13,12,25,1,25,17,25,29
54793,29,29,1,13,26,11,0,10,24,6
10945,5,1,10,2,19,10,28,16,11,16
11014,7,1,5,29,22,27,0,0,9,4
11015,11,15,12,1,1,9,26,11,1,9
23028,28,8,10,10,27,23,14,5,26,4
22992,11,22,21,20,1,19,26,6,1,9
55818,22,18,10,17,27,12,22,13,26,16
51780,1,1,4,1,0,28,12,26,11,17
9682,10,29,19,26,16,11,27,10,3,6
23030,8,11,28,24,25,3,28,16,25,28
5927,19,3,18,3,4,2,7,15,16,18
10765,19,3,19,26,4,9,20,2,20,1
8242,23,25,5,1,22,0,10,26,22,1
7403,9,28,23,9,12,5,15,4,5,3
23135,28,0,6,0,27,3,3,5,11,28
80853,7,18,17,14,15,12,3,8,6,10
2531,0,25,4,4,0,0,10,26,22,19
9817,1,25,4,4,22,0,10,6,22,17
10657,7,4,26,27,7,25,9,0,6,10
23351,15,28,23,9,8,5,18,4,23,14
8570,10,3,19,26,4,2,7,15,16,18
9703,27,1,5,20,1,13,26,6,14,9
9768,28,0,28,27,7,25,3,13,6,20
9812,10,3,8,26,4,9,7,15,3,18
9778,1,15,5,26,16,9,20,2,20,1
79932,15,28,23,9,21,8,29,14,5,3
9710,26,14,9,11,13,22,15,9,4,3
23392,1,1,5,20,10,0,10,6,11,28
9665,1,27,14,20,10,28,10,6,1,9
9786,23,27,14,20,1,9,26,28,14,9
9851,20,6,2,18,2,4,6,21,28,2
23366,0,25,5,4,22,28,12,11,20,17
653319,1,27,5,1,22,4,10,28,0,17
22889,27,0,26,27,7,27,12,13,11,28
23325,10,29,8,26,16,11,27,10,3,6
84162,19,3,18,3,4,2,7,15,16,18
57456,27,18,26,24,15,27,3,13,9,10
57189,21,7,9,25,12,20,18,19,2,14
57179,19,3,19,26,4,9,7,15,3,1
57482,10,3,8,3,4,2,7,15,3,18
56243,19,3,8,26,16,9,20,2,20,1
222223,11,27,19,1,1,9,20,28,3,9
25962,0,25,5,29,22,13,10,6,0,17
57614,12,13,24,28,18,16,17,7,19,7
57648,0,15,5,1,0,9,20,2,20,17
57650,23,4,12,20,22,0,10,6,22,17
57670,20,6,2,8,2,6,6,24,28,2
55196,27,21,21,29,28,25,14,21,0,10
57691,28,0,4,27,7,27,12,13,9,0
84542,0,25,4,4,0,0,12,6,22,19
158405,10,15,5,26,16,9,20,2,20,1
90231,19,3,19,3,4,2,7,15,3,18
158358,23,15,14,26,1,9,20,2,14,1
57498,16,17,20,6,23,29,23,18,18,21
3832,18,11,26,29,22,28,21,26,11,17
63971,1,1,5,29,22,4,12,26,0,17
23303,0,4,6,29,0,28,14,6,11,17
56992,0,25,4,4,0,0,10,26,22,19
55614,10,3,8,26,16,9,27,10,3,18
547,11,21,21,5,28,13,9,28,1,9
23095,3,0,6,18,27,10,14,12,26,28
26128,1,1,26,29,7,27,14,16,0,0
10749,3,0,4,29,27,27,19,12,11,10
9585,29,8,1,13,26,11,0,23,24,4
55605,29,8,1,13,26,11,0,23,11,4
3835,0,4,4,1,22,0,10,26,0,17
9493,16,17,20,6,23,29,23,18,18,21
55582,1,1,14,29,22,25,9,26,6,17
3796,18,11,13,12,25,1,21,26,25,0
11004,19,3,18,3,4,2,7,15,16,18
11127,1,4,5,29,22,13,10,11,0,17
9371,18,11,13,12,25,1,25,17,25,29
24137,3,10,29,24,6,12,22,16,15,8
3798,18,11,13,12,25,1,21,22,25,29
3799,1,1,5,29,10,25,9,26,0,17
3800,10,3,8,3,16,2,7,2,3,18
64147,23,27,14,1,1,19,26,28,14,9
22920,23,27,19,1,10,13,20,26,14,17
22944,10,29,8,3,16,9,27,2,3,6
4254,7,1,17,14,17,25,19,0,9,10
55857,10,29,19,3,4,2,7,15,20,6
3831,11,22,12,20,28,19,8,28,1,24
89953,28,6,6,18,19,4,12,21,11,28
7071,1,25,26,4,22,28,9,6,6,0
11278,28,0,29,10,19,3,3,12,26,8
51621,23,27,14,13,22,9,20,10,24,1
51274,27,4,6,0,6,10,0,23,11,4
688,27,22,14,20,28,19,9,28,14,9
1316,7,15,17,29,10,13,9,0,0,20
8609,13,16,27,15,20,15,2,27,10,13
23008,1,27,14,1,22,13,20,26,1,17
23588,7,1,17,14,15,25,9,0,6,20
116138,18,22,5,1,25,1,21,17,0,29
200942,29,29,1,13,26,11,0,10,24,6
59349,7,0,28,14,17,13,3,13,8,4
23276,22,18,28,24,27,23,28,22,26,28
27252,1,1,6,29,22,13,9,11,0,0
84861,27,18,17,27,17,25,14,13,6,10
151230,19,3,18,3,4,2,7,15,16,18
54800,0,25,26,4,10,13,12,6,22,17
54813,5,0,6,0,15,27,14,13,8,16
283212,9,14,7,7,13,22,15,9,29,25
79786,1,4,14,27,22,13,10,26,0,17
57542,1,1,14,29,22,25,20,26,20,17
51088,3,18,28,10,7,3,22,22,6,26
55975,29,29,14,13,26,11,27,10,24,6
57563,25,9,22,8,8,5,29,1,17,14
55958,1,1,26,18,22,27,12,23,0,28
4297,19,3,8,3,4,2,7,15,16,18
58508,20,6,2,8,2,6,6,21,28,2
55904,2,24,11,19,9,24,13,24,8,23
51111,2,12,22,25,8,21,1,14,2,22
84787,28,18,6,29,15,27,3,12,26,10
57082,11,22,21,20,1,19,21,25,14,9
400506,5,2,10,2,6,7,13,24,15,8
90417,7,1,17,29,17,25,9,11,9,10
3836,22,2,16,17,9,12,1,5,15,8
3838,19,3,18,3,4,2,7,15,16,18
3839,19,3,18,3,4,2,7,15,16,18
3840,0,15,4,29,22,28,10,26,22,17
3841,3,2,16,10,27,12,1,22,13,8
23633,5,10,29,0,9,7,1,3,17,8
3837,29,4,26,13,17,13,0,0,24,6
3845,0,25,4,4,0,0,12,26,22,19
55634,11,15,14,20,1,19,26,28,1,9
51315,11,15,12,20,1,13,26,11,1,9
65095,1,1,14,1,22,13,10,6,3,17
889,10,29,1,13,16,11,27,10,3,6
11103,7,1,17,14,15,13,19,0,9,0
3858,9,14,0,22,5,8,16,20,29,15
3875,10,27,19,26,16,2,20,2,3,1
3880,18,18,10,2,19,27,28,16,6,8
3856,11,4,12,1,1,28,9,26,14,17
3895,3,5,29,2,9,3,3,16,26,2
79036,27,1,26,27,17,25,19,6,6,10
56267,16,17,20,6,23,29,23,18,18,21
26013,6,12,23,25,12,26,1,3,15,8
83746,20,15,26,18,22,4,12,21,28,17
84456,10,27,19,26,16,9,20,2,3,1
114294,19,3,18,3,4,2,7,15,16,18
51110,29,4,21,13,22,28,0,28,1,9
8270,3,0,6,0,6,27,12,13,11,0
3912,0,25,4,4,0,0,20,6,11,19
3913,23,29,19,26,16,9,20,10,3,1
3915,29,29,1,13,26,11,0,10,24,6
3916,10,3,8,26,16,9,7,2,20,18
3920,23,15,14,13,16,11,27,10,3,6
55004,6,2,29,2,12,21,29,24,17,12
28956,11,27,5,1,1,9,26,28,14,9
8649,18,11,4,4,25,10,21,26,11,17
389541,6,24,23,10,14,26,24,19,2,26
10542,1,22,12,1,10,19,26,28,11,0
10314,1,27,5,26,22,9,10,2,20,17
55915,10,15,8,26,16,9,27,2,3,1
51056,27,4,28,29,22,25,9,6,0,20
9741,10,3,8,26,16,9,7,2,3,18
55353,10,29,1,13,26,11,27,10,20,6
23367,16,17,20,6,23,29,23,18,18,21
55132,7,1,17,29,17,25,9,0,6,20
113251,19,3,8,3,4,2,7,15,16,18
23185,23,22,14,20,22,28,26,28,14,17
55323,5,8,29,0,19,7,0,23,26,4
51574,15,24,23,9,8,26,29,24,7,14
51520,20,6,26,18,10,4,6,21,28,28
81887,19,3,18,3,4,2,7,15,16,18
3927,12,13,24,28,18,16,17,7,27,7
9113,23,27,5,26,10,13,20,11,20,1
26524,11,22,5,20,1,28,9,28,14,9
81606,10,27,19,26,22,9,20,2,0,1
3930,22,24,11,17,9,20,22,3,19,12
167691,29,15,19,13,26,11,27,10,24,6
51451,21,28,9,22,12,8,24,20,5,22
84458,0,25,14,4,0,0,12,6,22,17
254251,10,15,19,26,16,9,20,2,20,1
60526,15,24,23,19,3,20,13,8,19,22
8861,10,29,8,26,4,9,7,2,3,6
9079,2,12,10,24,14,10,13,5,15,16
3939,11,15,14,20,1,9,20,28,14,9
3945,27,0,28,24,19,3,28,13,6,10
143458,23,15,5,20,1,9,20,6,3,9
23641,20,6,2,18,22,4,6,21,28,17
84247,10,27,19,26,4,9,20,2,3,1
51176,28,0,28,24,27,25,19,13,6,28
221496,10,3,19,26,16,9,20,2,3,1
23592,0,25,4,4,22,0,9,26,11,17
79165,22,24,29,0,6,24,13,3,19,16
114823,3,18,6,24,27,23,3,22,8,26
123169,10,27,14,26,16,9,20,2,20,1
54741,19,3,18,3,4,2,7,15,16,18
23484,23,1,5,29,10,28,9,26,9,17
3954,27,18,17,14,15,12,19,13,6,16
25875,11,21,12,5,28,19,26,28,14,9
3959,1,25,4,26,0,28,20,26,20,17
3964,5,0,6,27,7,10,3,13,26,28
29094,6,24,29,19,14,26,13,24,17,22
9211,5,5,26,17,15,7,19,8,15,23
5641,19,3,8,26,16,2,7,2,3,1
11019,4,20,7,21,29,14,16,9,29,25
3977,23,1,5,1,10,0,10,11,11,17
3978,23,4,4,1,22,13,10,11,0,17
3980,19,3,18,3,4,2,7,15,16,18
3981,27,1,17,27,7,25,9,0,6,0
51474,1,25,14,29,10,13,10,26,20,17
22998,11,27,5,1,1,9,20,2,3,1
80774,10,3,8,3,4,2,7,15,16,18
3984,1,27,5,29,1,13,12,6,0,17
3985,5,8,6,17,10,0,12,23,11,4
3987,1,15,4,1,10,13,9,26,9,17
79727,11,27,5,1,1,19,20,6,1,9
389421,11,22,12,1,1,19,26,28,1,9
91750,24,21,3,5,28,23,11,22,14,24
8825,10,27,5,1,16,9,20,2,3,1
55327,20,6,2,8,6,6,6,24,28,12
286826,1,10,6,17,19,27,14,13,8,0
266655,19,3,18,3,4,2,7,15,16,18
283267,27,10,11,24,15,12,3,16,8,23
84791,8,11,13,10,25,10,21,16,26,29
90632,29,8,1,13,26,13,0,23,6,4
388789,28,4,26,27,19,27,22,12,6,10
401397,23,25,5,1,22,13,10,11,0,17
643837,7,21,21,1,7,28,9,13,1,28
9516,10,3,8,3,4,9,7,2,20,18
167410,28,0,6,0,27,27,14,13,26,16
84298,5,1,6,17,19,10,14,16,26,2
3998,20,2,2,18,19,12,28,16,19,8
10960,18,11,13,12,25,1,21,17,25,29
55716,19,29,19,26,16,9,27,10,3,6
55788,1,4,26,29,17,13,8,11,0,0
29995,23,27,5,20,1,9,20,28,20,9
4000,27,22,21,5,28,19,8,25,13,24
4001,1,25,14,1,22,9,10,26,20,17
84823,5,8,10,17,6,7,0,5,26,4
55885,0,27,14,1,1,9,26,28,22,9
8543,28,0,28,17,17,3,3,12,11,20
4009,23,27,5,1,1,9,20,11,1,1
4010,27,18,17,14,15,25,9,0,6,20
4012,23,27,14,1,22,9,10,2,9,17
80856,18,11,13,12,25,1,25,17,25,29
84708,28,0,28,27,19,27,12,22,26,28
83752,1,15,5,26,22,9,10,26,20,17
91694,0,25,4,4,0,0,10,26,22,19
4016,9,9,0,22,21,8,24,20,4,3
9170,3,11,13,10,17,23,21,22,25,26
79888,20,6,2,18,2,4,28,21,28,28
254531,23,4,5,1,22,13,26,6,1,17
9926,10,3,19,26,16,9,20,2,3,1
23175,11,22,12,1,17,19,26,11,14,9
9663,5,10,29,17,9,12,14,5,19,8
4026,0,4,4,27,22,28,12,12,9,28
987,29,4,26,1,7,13,9,23,11,4
23143,21,12,2,2,2,6,6,1,28,12
57631,23,1,26,29,7,13,9,28,1,17
84859,19,3,18,3,4,2,7,15,16,18
55791,11,22,12,20,1,19,26,28,1,0
26018,24,21,21,5,28,19,8,25,13,24
9860,1,0,28,29,22,13,19,12,14,17
121227,24,7,3,10,27,23,11,22,13,26
26020,0,4,26,27,19,27,10,12,9,17
84918,18,1,26,12,25,27,21,26,0,28
29967,19,3,18,3,4,2,7,15,16,18
4036,0,25,4,26,0,0,20,2,20,19
4040,29,8,1,13,26,11,0,10,20,6
7804,5,0,10,2,19,10,28,16,26,10
4043,20,10,2,18,19,6,28,5,28,28
10128,6,5,11,19,3,24,1,5,15,16
55227,19,3,18,3,4,2,7,15,16,18
10233,20,6,2,8,11,6,6,1,28,2
80313,28,0,26,27,7,13,9,26,9,28
474170,11,21,12,20,1,19,26,28,1,9
147172,19,3,8,3,4,2,7,15,16,18
55631,25,6,2,8,2,6,6,1,17,2
10489,19,3,18,3,4,2,7,15,16,18
115353,1,1,5,29,22,28,12,26,0,17
57470,8,11,13,12,25,1,21,17,25,29
54839,18,11,28,12,17,24,28,17,25,29
57689,3,0,10,27,27,3,28,12,11,28
255252,3,0,6,29,6,10,14,13,6,0
116064,20,6,28,18,10,4,6,21,28,2
55379,11,22,12,20,10,19,26,28,1,9
23639,2,12,11,17,3,12,13,8,15,23
56262,23,27,5,1,1,13,26,28,20,17
23507,19,3,18,3,4,2,7,15,16,18
55144,19,3,18,3,4,2,7,15,16,18
85444,1,1,5,1,22,25,12,26,0,17
9208,10,29,19,13,16,9,27,10,24,6
9209,1,4,14,27,10,28,9,28,0,17
84125,7,18,17,14,15,25,19,8,6,23
57633,29,15,1,13,26,11,27,10,24,6
57408,23,27,19,26,1,9,20,28,3,9
4045,10,29,19,26,16,9,20,2,20,1
55341,1,1,5,29,10,13,0,11,11,4
27257,24,6,10,18,2,10,14,3,13,2
84967,10,29,8,26,16,9,27,10,20,6
26065,21,28,22,22,21,26,24,19,7,14
149986,19,3,18,3,4,2,7,15,16,18
57819,28,0,26,29,17,28,19,13,11,20
27258,11,15,14,20,1,19,20,28,14,9
25804,23,27,5,1,10,28,26,28,0,20
23658,8,11,13,12,25,1,21,17,25,29
11157,19,3,8,3,4,2,7,15,16,18
51690,24,22,12,5,28,19,8,25,14,24
51691,8,7,13,2,11,1,25,8,25,29
51599,21,9,9,9,8,22,24,4,2,11
4048,7,1,6,29,10,13,10,26,0,0
4052,13,16,27,15,20,15,2,27,10,27
26046,23,15,4,20,22,13,12,11,0,17
84946,18,11,13,12,25,1,25,17,25,29
55692,7,18,17,14,17,27,19,0,6,20
51631,19,3,18,3,4,2,7,15,16,18
51747,10,3,19,26,16,9,20,2,16,1
4060,1,4,6,29,22,28,12,26,0,28
7798,0,25,4,4,0,0,10,26,22,19
338645,0,25,6,27,0,0,10,26,11,19
56925,19,3,18,3,4,2,7,15,16,18
55646,28,0,28,29,27,27,3,13,26,10
116372,23,29,1,13,26,11,27,10,24,6
10434,10,29,1,13,16,11,27,10,24,6
11313,27,18,10,2,27,12,1,12,15,16
127018,3,5,16,24,15,12,22,5,8,26
57149,11,27,5,20,1,19,10,28,14,9
57226,29,8,1,13,26,11,0,23,24,4
57128,29,8,1,13,26,11,0,10,20,4
90624,23,15,5,1,1,9,21,28,0,9
1130,19,3,18,3,4,2,7,15,16,18
84328,28,5,26,27,7,13,3,13,6,10
54585,18,11,13,12,25,1,21,17,25,29
8216,1,25,5,1,22,0,10,11,1,17
84445,23,15,14,1,16,9,20,2,3,1
4074,23,15,19,26,16,2,20,2,3,1
89876,29,8,1,13,26,11,0,23,26,4
23499,10,27,5,1,16,9,20,2,3,1
8379,23,29,14,4,10,0,27,10,20,1
4085,7,1,26,29,7,28,9,13,14,28
9587,22,0,17,27,7,13,3,13,9,10
10459,11,22,21,5,28,19,26,25,14,24
8567,7,5,17,14,15,12,3,0,6,10
10296,19,29,19,26,16,9,27,10,3,18
4094,22,5,17,17,15,12,19,8,8,16
84232,5,1,6,18,7,27,14,22,26,28
9935,21,24,10,24,14,21,1,24,17,23
4097,23,15,5,1,10,28,20,26,3,17
9500,19,3,19,3,4,2,7,15,3,18
10916,1,15,5,1,10,13,10,26,0,17
64110,27,1,26,29,7,25,19,13,6,10
28986,2,10,16,25,12,21,1,3,19,8
54551,24,4,5,29,22,13,11,21,14,28
9223,18,4,28,27,15,27,28,21,0,0
9863,10,29,8,3,16,9,7,2,3,18
260425,24,21,21,20,7,28,8,25,1,24
4116,11,22,21,20,28,19,26,6,1,9
55110,10,29,1,13,26,11,27,10,24,6
84061,11,22,12,20,1,19,26,28,14,9
79568,23,15,5,20,1,19,26,11,14,9
84549,10,15,5,20,10,11,27,10,14,1
378938,0,25,4,4,0,0,10,6,22,19
115416,19,3,19,3,16,9,7,15,20,18
256691,10,15,8,13,16,11,27,10,3,6
9794,10,29,19,1,16,9,27,2,20,1
55534,0,1,14,29,0,13,10,26,1,19
10905,10,27,8,26,22,9,20,2,20,1
11253,1,1,14,26,10,25,9,0,9,20
4124,10,29,8,26,16,2,7,15,20,18
4126,1,1,6,0,19,27,0,23,26,4
63905,16,17,20,6,23,29,23,18,18,21
79694,27,0,28,29,7,27,28,0,6,10
7873,1,1,26,29,22,9,20,6,0,17
54682,1,27,5,1,1,9,10,11,20,17
4130,25,26,23,9,12,5,18,4,5,14
4131,23,27,14,26,10,9,9,2,20,1
84557,19,3,8,3,16,2,7,15,16,18
81631,10,29,19,3,16,9,27,10,3,6
4133,17,23,15,16,24,18,4,29,12,5
5604,24,21,12,5,28,19,26,25,1,24
5605,20,6,2,8,2,6,6,1,28,2
6416,28,4,6,29,10,10,12,23,11,0
5608,10,27,8,26,16,9,20,2,20,1
5609,1,1,6,29,10,19,12,23,0,28
4214,1,27,5,14,22,13,10,6,11,0
7786,18,18,28,12,25,27,28,12,11,29
9175,11,15,5,1,1,9,20,28,1,1
10746,29,27,5,13,10,11,10,26,20,17
4216,11,22,12,5,28,19,26,25,13,24
6885,10,3,8,3,16,2,7,15,16,18
4134,19,3,18,3,4,2,7,15,16,18
8491,18,11,13,12,25,1,21,17,25,29
9448,3,10,10,0,19,27,22,16,26,8
11183,10,3,8,3,16,2,20,2,20,1
4135,10,3,8,26,16,2,7,2,16,18
55700,2,12,11,19,11,20,22,24,2,8
79649,22,5,29,17,9,12,13,16,26,10
79884,6,24,11,14,3,12,13,8,15,23
5594,11,21,12,20,28,19,26,25,14,9
5602,1,27,5,26,22,13,10,6,0,17
1432,11,27,14,20,1,9,26,28,1,9
93487,1,25,6,20,22,27,0,23,24,0
5595,7,1,26,27,27,10,12,13,9,10
5597,23,15,8,26,16,9,20,2,3,1
5599,1,1,5,29,10,25,9,26,0,20
5601,27,1,5,29,22,13,9,6,0,20
79109,1,15,5,26,10,9,9,6,9,9
9261,1,27,5,26,22,9,20,11,0,17
8550,7,4,26,29,10,28,9,26,0,20
22919,1,1,5,1,17,28,9,0,0,20
10982,10,3,19,3,16,2,7,15,3,18
54708,10,15,5,26,22,9,20,2,20,1
10299,11,21,12,1,1,28,26,28,14,9
64844,20,6,2,18,2,6,6,21,28,2
220972,7,21,17,29,17,25,19,11,6,10
4082,19,3,18,3,4,2,7,15,16,18
65108,7,4,10,29,17,13,0,23,26,4
4139,23,21,12,20,1,19,26,11,14,9
2011,19,3,18,3,4,2,7,15,16,18
4140,19,3,8,3,16,2,7,2,16,18
57787,3,21,21,10,27,27,14,13,13,0
84174,7,4,1,13,26,13,0,6,24,17
153562,29,8,1,13,26,11,0,23,24,4
375449,10,29,19,26,16,11,27,10,3,6
84930,10,3,8,26,16,9,20,2,3,1
4144,11,22,21,20,1,19,26,28,1,9
27430,1,1,26,1,22,19,9,28,9,0
4147,9,14,22,9,3,8,24,14,4,3
4148,10,29,8,26,16,9,27,2,20,6
9782,16,17,20,6,23,29,23,18,18,21
23383,5,10,29,17,19,27,28,23,26,10
57506,21,6,2,8,2,6,6,1,28,12
4150,10,29,8,3,16,11,27,10,20,6
4152,18,25,6,29,17,10,10,26,0,28
8930,1,15,26,26,1,9,12,26,0,17
55777,3,1,14,29,7,12,3,12,9,10
51562,11,1,12,1,10,28,26,28,1,9
4154,1,27,14,1,1,13,10,26,14,1
10150,19,3,8,3,4,2,7,15,16,18
129642,0,25,4,4,0,0,12,26,22,17
79143,23,15,14,20,1,9,20,2,20,1
4155,10,3,8,26,16,2,7,2,20,18
54799,20,6,10,18,2,4,6,21,28,28
8720,29,8,1,13,26,11,0,23,24,4
51360,28,0,10,0,19,27,3,5,26,10
4162,18,11,28,12,19,1,21,17,11,0
27349,27,21,21,5,7,19,8,25,13,24
56922,10,15,8,26,16,9,20,2,3,1
23263,10,27,5,26,16,9,20,11,3,1
90411,11,21,12,20,1,13,21,11,14,0
4170,1,8,6,29,22,9,20,26,20,4
55388,22,7,11,10,9,23,1,22,19,26
4171,27,5,11,14,15,25,28,12,15,23
4172,19,15,8,26,16,2,20,2,20,1
8888,8,11,13,27,25,1,14,16,25,10
4173,11,27,14,1,1,19,10,11,14,9
4174,23,15,5,29,10,9,10,26,20,17
4175,5,5,28,27,6,12,3,16,26,10
4176,23,27,14,1,22,9,10,6,0,17
84515,10,15,8,26,16,9,27,10,3,6
79892,20,6,2,8,2,6,6,21,28,28
79648,1,27,14,26,1,9,20,11,3,1
348262,19,3,8,3,4,2,7,15,16,18
84331,23,1,5,29,22,28,9,26,9,17
10445,23,15,8,1,16,9,20,2,3,1
28985,28,1,26,27,7,27,10,26,11,10
90550,1,1,26,29,22,25,9,21,0,0
63933,29,4,14,29,22,13,10,23,24,17
9656,27,2,10,0,6,27,14,12,8,4
4188,15,24,22,9,21,5,18,19,2,14
29969,8,11,13,12,25,1,14,16,25,29
4190,14,18,3,24,27,25,22,12,6,10
4191,2,11,11,10,15,26,28,3,15,26
4192,0,25,4,4,0,0,10,26,22,17
56890,29,8,1,13,26,11,0,23,24,6
4193,23,27,5,26,10,25,9,26,0,17
4194,11,27,5,20,1,19,26,28,14,9
23195,1,15,14,20,22,28,9,6,0,0
4199,1,27,19,27,10,28,10,11,0,17
4200,23,15,5,26,10,9,20,26,20,1
4201,2,7,23,22,9,26,1,24,7,12
64769,28,1,26,27,27,27,19,12,6,28
2122,18,11,28,12,15,1,21,23,26,0
4204,10,3,18,26,4,2,7,15,3,18
5469,10,3,8,26,16,2,20,2,3,1
84246,19,3,18,3,4,2,7,15,16,18
400569,23,25,4,29,10,28,10,26,22,0
116931,29,29,1,13,26,11,27,10,24,6
9969,0,25,4,4,0,0,10,26,22,19
23389,27,6,6,18,2,4,28,21,28,28
51586,1,15,5,26,22,13,12,11,0,17
9440,16,17,20,6,23,12,23,16,0,21
219541,2,24,29,19,21,7,18,3,26,8
9412,18,11,4,12,25,1,21,12,14,29
6837,11,27,12,20,1,13,26,28,1,9
9862,1,15,5,26,10,13,20,11,3,1
81857,8,5,13,12,25,20,25,17,25,29
9442,1,1,26,29,7,27,21,11,0,29
80306,20,6,6,18,22,4,10,21,0,2
55588,19,3,19,3,4,2,7,15,16,18
90390,28,4,4,29,22,28,10,13,22,17
51003,8,11,13,12,25,1,21,17,25,29
29079,2,0,11,19,3,7,1,8,19,8
10001,5,2,10,17,27,27,3,13,8,23
9443,23,27,19,26,16,13,20,11,20,1
112950,27,4,28,29,7,28,14,13,9,20
4205,19,3,8,3,4,2,7,15,16,18
84466,19,3,18,3,4,2,7,15,16,18
1954,1,29,14,13,16,11,20,10,20,1
4211,1,25,26,1,10,28,12,6,0,17
4212,19,3,8,3,4,2,7,15,3,18
56917,10,29,19,26,16,11,27,10,20,6
9833,10,29,5,26,16,9,20,6,3,1
23184,10,27,18,26,16,9,20,2,20,1
4232,19,3,18,3,4,2,7,15,16,18
23173,27,18,17,14,17,25,19,0,6,20
10988,10,27,8,26,16,9,20,2,20,1
79006,24,1,21,20,28,19,26,25,14,9
284207,0,4,4,29,22,0,12,26,11,19
57721,19,3,18,3,4,2,7,15,16,18
79066,16,17,20,6,23,29,23,18,18,21
64745,29,8,1,13,22,0,0,26,11,17
92342,19,3,18,3,4,2,7,15,16,18
151194,23,27,12,20,1,9,20,11,1,9
124512,0,25,4,29,10,0,10,26,22,19
339175,1,27,12,1,1,13,26,6,1,9
55798,5,8,6,0,6,7,14,23,11,8
56339,7,8,26,29,19,10,28,23,9,20
29081,11,21,5,1,17,19,26,28,14,9
131965,11,15,12,20,1,9,26,28,1,9
79828,19,3,18,3,4,2,7,15,16,18
51108,9,14,9,22,21,8,24,4,4,14
92312,5,18,16,0,6,23,28,22,26,28
84206,11,27,5,1,1,9,20,28,1,9
51320,22,18,10,0,27,24,14,8,15,26
4236,3,0,28,0,27,3,28,13,9,10
56947,10,3,18,3,4,2,7,2,16,18
4240,27,18,26,29,7,25,28,0,6,20
9258,10,25,14,26,0,0,10,2,20,19
55669,29,8,6,13,17,11,0,23,24,4
9927,10,29,8,26,16,9,27,2,20,18
64747,6,7,16,10,11,26,24,19,13,26
10227,28,1,10,0,19,3,14,13,26,10
79157,17,17,15,6,23,18,23,18,15,21
64645,22,10,29,0,15,12,14,23,26,10
91749,0,1,4,1,0,28,12,26,1,0
54842,2,12,23,22,8,26,24,14,7,12
23269,11,22,14,20,1,19,26,6,0,9
4245,28,1,6,24,15,27,12,21,26,28
10724,18,11,13,12,25,1,21,17,25,29
92667,1,15,5,13,10,28,26,0,24,9
23295,24,1,6,10,7,27,9,22,0,17
4257,10,29,19,26,16,11,27,10,20,6
4258,23,29,19,13,26,11,27,10,20,6
4259,19,29,19,3,16,2,27,10,3,6
375056,11,22,21,5,28,19,8,25,13,24
57534,10,3,8,3,4,2,7,15,16,18
142678,15,26,9,25,3,5,15,4,4,14
64780,19,29,19,3,16,2,7,15,16,18
10367,10,29,1,13,26,11,27,10,24,6
221154,23,1,26,27,10,13,12,11,9,17
4281,12,17,24,28,23,16,23,18,18,21
58526,6,12,16,25,3,20,13,24,17,22
90007,19,3,18,3,4,2,7,15,16,18
54471,18,4,6,29,22,27,14,21,11,0
84299,23,15,8,26,16,9,20,2,3,1
57708,29,29,1,13,26,11,0,10,24,6
166968,28,25,4,29,22,13,10,26,9,28
4282,29,8,1,13,26,11,0,23,24,4
57409,19,3,18,3,4,2,7,15,16,18
374986,18,4,6,29,25,27,21,13,22,0
440574,29,29,1,13,26,11,27,10,24,6
9562,10,29,8,26,16,9,27,2,3,18
54468,11,15,12,1,1,19,9,11,1,9
145282,29,29,1,13,26,11,0,10,20,4
399959,11,27,14,20,1,19,20,11,14,9
388815,15,12,9,22,3,26,24,19,7,14
79003,12,13,24,28,18,16,17,7,27,7
54069,25,24,22,8,14,6,1,24,2,22
55320,11,21,21,1,1,19,26,28,1,9
129531,2,5,16,17,6,3,22,23,26,8
4288,25,9,23,9,21,8,1,4,23,14
8195,23,27,5,20,10,9,26,28,20,9
57496,23,15,8,26,16,9,20,2,20,1
4289,10,15,14,20,1,9,20,2,3,1
8569,29,27,5,13,22,11,10,11,11,17
2872,23,27,19,1,22,9,11,11,3,17
23608,18,11,13,12,25,1,21,17,11,29
23609,10,15,19,26,16,9,20,2,3,1
9761,23,15,19,26,10,28,20,10,20,1
4291,29,29,1,13,26,11,0,10,24,6
8079,10,29,8,26,16,9,27,2,3,18
4292,19,3,18,3,4,2,7,15,16,18
27030,3,0,10,17,9,7,1,12,26,8
4298,21,10,16,2,6,20,22,5,26,26
8028,10,29,19,26,16,11,27,10,3,6
10962,10,3,8,3,16,2,7,15,16,18
4300,0,1,4,29,22,0,0,26,22,19
64223,10,27,14,26,16,9,20,2,3,1
6945,10,15,8,26,16,9,20,2,3,6
22877,29,29,1,13,26,11,27,10,20,6
23417,1,4,4,20,22,13,10,6,14,17
326625,17,23,15,16,24,8,4,29,12,5
27249,10,27,5,26,16,9,20,2,20,1
23531,10,29,8,3,16,2,27,10,3,6
4323,10,3,8,3,4,9,7,15,3,18
4325,19,3,18,3,16,2,7,15,16,18
22915,10,29,8,26,16,2,27,15,16,6
64210,6,0,10,24,27,10,19,13,8,10
4331,27,1,17,29,17,27,19,0,0,10
55329,23,25,14,20,10,13,12,6,0,17
64112,17,2,15,2,9,20,28,5,12,5
55233,23,1,21,1,22,28,26,11,14,9
92597,2,12,22,19,12,5,18,24,5,3
25843,1,27,5,1,22,13,12,26,3,17
4338,10,29,8,26,16,9,7,15,16,18
5891,22,10,6,0,27,10,28,8,26,10
22879,8,11,13,12,25,1,21,17,0,29
23041,28,10,29,2,19,10,28,16,26,8
22880,1,15,4,26,16,9,10,26,3,1
23515,29,8,1,13,26,11,27,10,24,6
79710,29,8,1,13,26,11,0,10,24,6
10933,18,11,21,12,25,1,21,17,26,24
9643,29,1,5,1,22,28,9,0,0,17
729967,12,13,24,6,18,16,23,7,18,7
118812,5,0,10,0,19,12,28,13,11,10
56180,21,2,23,19,14,21,1,24,2,12
158747,23,4,26,1,22,28,10,6,0,17
64598,24,21,12,5,28,19,8,25,13,24
51660,7,1,26,1,7,25,10,6,9,20
25874,10,3,8,26,16,9,7,15,3,18
8777,19,3,18,3,4,2,7,15,16,18
4350,2,17,10,2,9,24,28,5,15,8
10199,11,21,12,20,28,19,8,25,1,9
10200,11,21,12,29,10,19,26,28,14,9
54737,10,29,19,26,16,9,27,2,3,6
10198,11,27,4,13,22,0,20,11,22,1
4351,7,15,5,1,22,13,9,0,9,9
136647,24,21,21,5,28,23,8,25,13,24
64398,19,3,19,1,16,9,7,2,3,1
51678,5,18,28,17,27,24,3,13,15,16
143098,1,15,5,1,22,13,20,26,0,1
65258,23,27,5,20,1,9,26,6,1,9
744,1,0,6,29,7,28,14,11,26,10
23164,24,1,12,20,17,13,9,13,14,28
4357,1,1,6,29,22,28,14,23,11,4
4358,12,13,24,28,18,16,17,7,27,7
84769,25,24,23,8,14,6,18,1,23,22
9019,1,1,17,29,22,25,9,26,0,10
112609,24,22,21,5,28,23,8,25,13,24
9902,11,22,14,20,1,19,26,11,1,9
4361,5,0,29,0,6,3,3,13,11,26
93621,11,22,21,20,10,13,12,25,26,0
114932,19,3,18,3,4,2,7,15,3,18
55257,27,0,10,14,6,10,3,5,8,8
29960,23,27,5,13,16,13,20,2,20,1
51149,7,1,28,29,7,25,19,0,0,20
65008,10,27,14,26,16,9,20,2,20,1
124995,14,7,27,22,20,26,2,19,10,14
65003,3,5,17,14,15,12,19,12,6,10
28998,10,3,8,3,4,9,7,15,3,18
64928,14,16,3,23,20,15,11,27,10,27
29088,19,3,18,3,4,2,7,15,16,18
54948,24,22,21,5,28,19,8,25,1,9
63875,29,8,6,17,26,7,0,23,24,4
29074,7,18,17,14,15,25,9,0,6,0
9801,18,25,4,27,22,1,12,6,0,17
51069,23,4,28,27,22,25,9,26,9,20
55052,5,1,14,27,22,10,12,13,11,0
219927,18,6,2,18,25,6,6,16,28,2
29093,1,22,6,20,22,27,26,26,14,0
6150,10,15,19,26,16,9,27,2,20,1
79590,5,4,26,14,6,3,19,23,8,0
51264,1,27,5,4,1,28,10,26,22,17
10573,10,15,14,26,16,13,27,2,3,1
11222,18,11,13,12,25,27,21,26,25,29
64983,1,27,5,18,22,4,26,21,0,0
9553,11,22,12,29,1,13,26,11,1,9
64981,20,6,6,18,2,4,12,21,28,2
51318,7,1,17,29,15,25,19,0,6,10
64979,10,29,19,26,16,9,27,2,3,1
51253,2,10,22,2,14,20,22,24,19,12
54148,29,8,6,29,22,11,0,23,11,4
51073,11,22,12,5,28,19,8,25,14,24
64976,19,3,18,3,4,2,7,15,16,18
64975,28,0,6,0,22,28,12,6,0,17
28977,10,29,1,20,16,9,27,10,14,6
84545,5,0,10,17,6,12,28,16,8,16
65080,27,1,26,29,22,25,9,0,6,17
84311,10,27,19,26,16,9,20,2,3,1
26589,23,21,12,18,10,13,12,28,14,0
57129,19,3,19,3,4,2,7,2,16,18
51642,2,7,11,25,12,20,1,3,19,14
740,11,27,12,1,1,19,26,28,14,9
54534,24,22,12,5,28,19,8,25,13,24
51258,19,3,19,3,16,2,20,2,3,1
122704,7,4,28,27,19,27,6,12,9,28
116541,10,15,19,26,16,9,20,2,3,1
128308,19,3,18,3,4,2,7,15,16,18
78988,19,3,18,3,4,2,7,15,16,18
3396,1,27,8,26,10,13,20,11,20,1
65005,1,1,26,27,22,25,9,0,0,17
55173,5,2,10,2,27,20,3,16,15,23
64963,11,27,4,1,1,0,20,28,1,17
6183,11,22,21,20,1,19,26,25,1,9
63931,25,24,22,25,9,21,18,14,19,3
64960,0,25,4,27,22,0,10,26,22,0
51021,7,18,28,14,15,25,3,8,6,23
55168,10,29,8,26,16,11,27,10,20,6
28973,10,3,8,3,4,9,7,2,16,18
51023,10,29,8,26,16,9,20,2,20,1
54460,10,29,19,26,16,9,27,2,20,1
56945,20,2,2,8,6,7,28,1,28,2
51649,3,10,29,24,2,7,22,3,8,16
64432,11,15,5,20,1,19,26,28,1,9
64949,24,21,21,5,28,19,8,25,13,24
23107,29,8,1,13,26,11,0,10,24,4
28957,3,10,29,24,27,7,28,16,26,8
10884,29,8,1,13,26,11,0,23,24,4
10240,29,15,14,1,22,11,0,26,3,1
51650,10,29,14,13,26,11,27,10,24,6
65993,10,27,8,26,16,9,20,2,3,1
60488,18,11,5,20,25,13,21,26,0,17
92259,19,3,18,3,4,2,7,15,3,18
64969,28,0,6,0,27,10,14,13,26,10
64968,8,11,13,12,25,1,21,17,25,29
51081,25,12,22,8,21,6,29,1,5,12
64965,22,2,2,8,2,3,6,1,17,2
92399,1,27,5,27,10,28,10,26,20,17
57380,11,27,5,26,1,9,20,11,3,1
51154,3,5,16,10,27,3,8,22,13,23
79684,19,3,18,3,4,2,7,15,16,18
91283,0,25,4,4,0,0,10,26,22,19
84437,7,21,17,27,7,25,9,0,9,20
4436,27,27,5,1,22,25,9,6,0,20
4437,0,25,4,4,0,0,12,26,22,19
2956,7,1,17,27,17,25,9,6,6,20
4440,0,27,5,20,16,9,10,11,0,1
124540,0,1,4,1,0,0,10,6,11,19
339287,19,3,18,3,4,2,7,15,16,18
10943,7,18,17,14,7,25,19,0,6,20
6307,29,8,6,1,26,11,0,26,11,4
4478,19,3,18,3,4,2,7,15,16,18
22921,19,3,18,3,4,2,7,15,16,18
253827,1,27,26,1,10,9,20,26,20,17
4487,1,27,26,18,22,4,12,21,0,17
4501,7,18,17,29,22,10,0,26,0,10
4502,1,1,26,29,7,13,12,11,9,28
9112,23,27,5,26,16,13,20,26,20,1
57504,27,8,26,0,10,28,14,23,11,20
4507,24,21,12,20,28,19,8,11,14,24
23787,10,3,19,26,16,9,20,2,16,1
23788,0,25,14,26,0,9,20,2,22,19
23255,29,29,5,26,16,9,27,2,20,1
92140,27,18,28,14,15,13,9,0,6,20
7978,0,25,14,1,0,28,10,11,22,17
80298,19,3,18,3,4,2,7,15,16,18
51001,24,21,21,5,7,23,3,22,13,24
130916,15,24,23,19,8,21,1,14,5,12
4520,11,15,5,20,1,19,9,28,1,9
22823,20,21,12,18,28,4,6,21,13,2
9650,22,0,28,0,27,3,3,13,6,28
56181,6,12,11,19,12,20,1,8,7,22
25902,5,2,29,17,19,7,0,23,15,4
10797,23,4,5,26,22,13,12,26,20,17
4528,19,3,19,3,16,9,20,2,20,1
219402,20,6,2,8,2,6,1,1,28,2
8898,23,27,5,20,1,13,26,11,1,9
8897,15,12,22,19,12,21,13,14,19,23
9110,7,1,26,14,22,25,9,0,6,20
9107,11,21,12,1,1,28,26,6,14,0
66036,7,18,17,14,15,27,3,0,6,10
55149,5,8,10,2,19,7,0,23,11,4
136319,11,25,12,20,17,19,21,25,14,0
4548,1,15,12,1,22,28,10,26,0,17
54516,11,15,14,20,1,9,26,28,1,1
9788,29,29,19,13,26,13,27,23,20,6
222166,1,27,5,29,10,13,11,28,0,17
57509,10,29,1,13,26,11,27,10,24,6
10651,19,3,8,3,4,2,7,15,16,18
345778,19,3,18,3,4,2,7,15,16,18
10071,10,29,8,3,16,9,7,15,20,18
84939,28,0,6,0,7,28,12,21,11,28
139221,22,12,11,19,3,24,18,14,19,23
80198,1,1,28,1,7,28,12,26,0,17
4594,11,22,12,5,28,19,8,25,1,24
93343,1,27,14,4,22,9,12,11,0,0
10608,10,29,8,1,16,11,27,10,20,6
4601,18,11,12,12,25,19,21,25,1,29
54587,19,3,18,3,4,2,7,15,16,18
91663,23,27,14,26,16,9,20,2,3,1
23077,10,29,8,3,16,2,27,15,3,18
56005,6,18,10,2,27,3,3,16,26,23
50804,28,5,28,27,7,23,19,22,6,28
4628,2,2,16,2,11,26,29,16,17,8
4627,6,10,10,24,9,20,13,5,15,23
10627,5,12,16,24,27,24,1,12,15,16
103910,24,21,12,5,28,19,8,25,1,24
4637,28,1,14,29,17,13,9,13,14,17
140465,27,18,17,14,28,25,8,0,13,10
10398,5,5,6,18,19,12,6,16,26,2
29116,8,11,13,12,25,1,25,17,25,29
55892,5,10,10,0,6,27,14,16,26,28
4651,10,27,8,26,16,9,20,2,20,1
4430,27,10,6,0,15,12,19,16,8,16
4641,23,15,14,1,22,9,9,28,9,9
53904,23,27,5,26,16,9,20,2,3,1
4644,2,12,23,19,14,21,13,24,23,8
55930,29,15,1,13,26,11,27,10,24,6
4646,19,3,18,3,4,2,7,15,16,18
4649,10,29,8,26,16,9,27,10,3,6
4650,12,17,20,28,18,16,17,18,18,21
26509,2,2,29,24,9,12,3,3,26,8
114803,2,12,23,9,3,5,13,24,19,12
440145,1,27,14,27,22,19,26,6,14,9
653784,5,5,10,17,6,10,14,16,25,8
80097,10,3,19,26,16,9,20,2,3,1
9683,19,3,18,3,4,2,7,15,16,18
55728,7,0,26,27,17,10,19,0,9,28
10443,20,6,26,18,19,27,12,6,11,2
8260,25,24,2,8,14,20,29,24,17,2
80155,9,26,0,7,8,22,29,20,5,15
79612,0,27,14,20,10,28,10,26,22,17
51126,5,2,16,2,14,7,28,5,8,16
80018,18,6,2,24,15,4,28,16,8,28
122830,29,8,6,29,22,10,0,23,11,4
60560,28,0,28,0,7,10,12,12,11,28
84316,29,4,1,29,26,11,0,11,24,6
79829,23,15,19,1,1,9,20,11,1,1
80218,29,8,6,0,26,11,0,23,24,4
10003,5,8,10,0,6,7,0,23,11,4
4664,10,15,4,26,0,0,20,2,22,19
79035,27,21,10,10,28,23,1,22,8,23
4666,1,25,4,1,10,13,10,6,9,17
342538,20,6,2,18,2,4,6,21,28,2
83955,10,3,8,3,16,2,20,2,3,1
8883,0,25,4,4,0,0,10,26,22,19
92345,1,25,14,1,22,0,12,26,22,17
4668,3,10,10,0,6,12,14,16,8,16
55577,19,3,8,3,4,2,7,15,16,18
10135,10,29,8,26,16,2,27,10,3,6
646309,27,1,17,29,27,25,9,13,9,20
54187,11,27,12,20,1,19,26,28,1,9
4673,19,3,18,3,4,2,7,15,16,18
4675,19,3,8,3,4,2,7,2,16,18
4676,5,5,10,2,19,24,1,5,27,8
8774,10,3,8,3,16,9,7,15,16,1
93100,10,29,8,3,16,9,7,15,3,18
26502,10,27,14,26,16,9,27,2,3,1
64428,7,1,17,29,22,25,19,0,9,28
4677,20,21,2,18,10,4,14,21,9,26
4678,18,1,28,27,19,10,10,12,0,28
55226,7,0,28,27,7,27,19,0,9,28
57106,27,1,28,27,19,27,14,13,11,10
89796,15,24,11,19,3,24,1,8,5,22
89797,10,29,8,26,16,9,27,10,20,6
55739,28,18,10,24,27,27,3,13,6,28
128240,19,3,18,3,4,2,7,15,16,18
51594,18,11,13,12,25,1,28,17,25,10
26960,24,22,21,18,2,4,8,25,14,28
65065,11,22,12,20,1,19,26,28,14,9
4681,14,16,3,23,9,15,2,19,10,27
4683,0,25,14,4,0,0,10,11,22,17
284565,9,26,7,11,13,22,15,9,4,25
101060226,1,4,26,27,25,28,14,0,9,0
101060684,10,3,19,3,16,9,27,2,20,18
728841,11,27,19,20,1,9,20,28,1,9
4077,12,13,24,28,18,16,17,7,27,7
83988,10,29,19,26,16,9,27,2,3,6
4684,23,22,12,20,28,28,14,11,1,28
23310,23,27,14,26,16,9,20,2,20,1
64151,20,6,2,18,2,4,6,21,8,28
54892,1,1,14,29,10,19,26,6,0,17
23397,2,12,23,25,3,21,13,8,23,22
29781,2,24,16,19,14,24,22,8,19,12
4686,0,15,14,20,22,9,20,2,3,17
22916,19,3,18,3,4,2,7,15,16,18
55421,11,22,14,1,1,19,26,28,14,9
8440,27,1,17,29,7,25,9,0,9,20
10787,4,14,0,21,5,14,16,20,29,11
344148,2,9,23,19,12,5,29,3,5,22
4691,2,12,16,19,14,24,18,24,17,16
8648,19,3,18,3,4,2,7,15,16,18
10499,19,3,18,3,4,2,7,15,16,18
8202,19,3,18,3,4,2,7,15,16,18
8031,19,3,18,3,4,2,7,15,16,18
57727,27,1,26,29,7,13,19,16,11,10
23054,11,27,5,1,10,9,20,6,0,17
135112,24,21,12,27,17,23,11,11,9,9
9611,7,4,5,29,22,25,9,0,6,20
9612,1,22,6,18,28,4,28,21,9,2
23413,23,15,5,1,22,28,20,2,3,1
23385,22,10,10,17,0,10,19,5,11,16
10403,11,27,14,20,1,9,20,6,14,9
81565,10,3,8,3,4,2,7,15,3,18
80762,11,22,21,20,1,19,26,28,14,9
54602,19,3,8,26,4,9,7,15,3,18
4692,27,1,28,27,17,25,19,0,9,0
10397,19,3,18,3,4,2,7,15,16,18
57446,11,22,12,20,1,19,26,28,14,9
65009,22,10,11,2,6,24,1,3,17,8
4694,10,29,8,26,16,9,27,10,20,18
4705,10,15,8,26,16,11,27,10,3,6
126328,29,8,1,13,26,11,0,23,11,4
55967,16,13,20,28,18,29,23,18,18,7
51079,27,18,17,14,7,25,9,0,6,20
4695,1,27,19,29,10,28,9,26,0,0
4696,1,4,5,4,10,9,10,26,0,17
4697,10,27,8,26,16,9,20,2,3,1
4698,17,23,15,16,24,18,4,29,12,5
4700,19,3,18,3,4,2,7,15,16,18
4701,19,27,14,26,16,2,20,2,16,1
4702,10,27,8,26,16,9,20,11,3,1
4704,24,21,12,5,28,13,8,25,13,24
4706,6,2,10,14,27,12,3,8,15,23
51103,27,27,5,29,17,13,26,11,9,17
25915,1,25,12,12,25,1,21,17,1,0
29078,11,22,21,20,28,19,26,28,1,9
79133,11,22,12,5,1,19,26,28,1,9
137682,0,25,4,29,22,0,10,26,22,17
55471,10,3,8,26,16,9,20,2,20,1
284184,11,27,12,1,1,19,26,28,14,9
4707,11,4,5,20,17,19,26,28,14,9
4716,23,21,21,20,17,27,12,6,13,28
54539,11,22,21,1,1,19,26,6,1,9
4708,23,27,14,20,22,28,9,11,20,17
4709,1,1,26,1,22,27,12,26,0,0
4710,10,15,8,26,16,9,20,2,20,1
4711,28,21,12,10,27,23,11,22,6,26
4712,29,29,1,1,26,11,27,10,24,6
4713,1,15,5,29,22,13,20,26,0,17
4714,10,15,5,1,16,9,20,2,20,1
4715,7,1,17,14,15,25,9,0,0,20
4717,1,27,5,18,1,4,10,11,20,17
4718,21,28,23,22,8,8,24,19,2,12
4719,1,4,5,1,1,13,14,6,1,17
4720,20,4,26,18,22,27,12,6,9,28
4722,11,15,14,20,1,9,20,28,1,1
4724,19,3,18,3,4,2,7,15,16,18
4725,22,2,29,24,6,12,22,5,8,8
4726,10,27,14,26,10,25,9,2,9,20
374291,19,3,18,3,4,2,7,15,16,18
4728,0,25,4,4,0,0,10,26,20,19
4723,3,0,14,27,10,13,12,11,11,0
4729,19,3,8,3,4,2,7,15,16,18
4731,10,3,8,26,16,9,27,10,20,1
283131,11,21,12,20,10,19,9,28,1,9
10529,28,1,17,29,7,25,9,0,9,20
64168,20,6,2,18,19,4,6,21,28,2
25977,10,15,19,13,16,11,27,10,20,6
55707,11,27,12,1,1,19,26,11,1,9
5819,16,17,20,6,23,29,23,18,18,21
25945,1,15,5,1,16,9,20,11,0,1
121441,22,10,10,24,15,27,3,0,26,10
23327,12,13,24,28,18,16,17,7,27,7
4738,19,3,18,3,4,2,7,15,16,18
4739,23,25,12,1,10,28,12,26,0,17
4747,11,27,14,20,10,19,9,28,1,9
4741,24,22,21,5,28,19,8,25,13,24
252969,5,18,10,2,6,10,14,22,26,10
4750,1,27,19,1,16,9,20,2,20,1
79858,1,1,5,20,10,19,21,26,0,17
4751,10,27,19,26,16,9,20,2,3,1
4752,3,7,11,10,14,26,13,22,8,26
6787,0,4,14,1,22,28,12,26,14,0
10783,10,15,5,26,1,9,20,28,3,1
91754,9,26,0,11,13,22,15,20,4,11
7469,19,3,8,3,4,2,7,15,16,18
25920,23,27,5,26,16,9,12,11,3,17
51497,0,25,14,4,22,28,12,26,22,17
7936,23,15,14,26,16,9,20,6,20,1
4753,22,24,11,0,27,7,22,5,15,8
9147,11,27,14,1,1,9,20,11,20,1
29937,23,27,19,1,1,9,26,2,1,17
4756,28,4,6,18,2,27,6,21,28,2
25871,10,15,8,13,16,11,27,10,20,6
10763,7,1,28,27,7,3,3,6,9,28
10276,18,1,26,29,22,27,10,26,22,0
81831,23,4,5,29,10,13,10,28,9,0
4758,19,3,18,3,4,2,7,15,16,18
91624,24,22,12,5,25,19,21,25,1,24
4763,29,8,1,13,26,11,0,23,24,4
4771,19,3,18,3,4,2,7,15,16,18
10725,27,18,13,10,7,23,11,22,25,26
84901,22,0,6,27,6,27,28,13,11,10
4776,0,27,19,1,16,9,10,26,3,17
4779,0,25,4,4,0,0,12,11,20,19
4780,28,1,28,29,10,27,12,21,11,0
4790,0,25,5,1,22,13,10,26,20,17
4792,23,27,8,26,16,9,20,2,20,1
4795,21,24,23,8,21,6,29,1,5,12
4798,5,2,29,24,19,21,3,12,26,8
27247,29,8,1,13,26,11,0,10,24,6
4799,23,27,5,26,16,13,20,2,3,1
152518,10,3,8,26,16,9,7,2,16,1
4801,19,3,18,3,4,2,7,15,16,18
4802,10,15,8,26,16,9,27,2,3,1
25983,10,29,19,1,16,9,27,10,20,6
55768,24,21,21,5,28,19,8,25,13,24
51335,10,27,5,1,16,9,20,2,20,1
374354,19,3,19,26,4,9,20,2,3,1
387921,7,4,26,27,22,25,19,0,0,20
55651,24,22,12,5,28,23,8,22,13,24
4810,23,11,13,12,25,1,21,26,25,0
57224,19,3,8,26,4,2,7,2,20,18
84365,1,22,12,18,22,4,14,21,9,0
51199,29,15,26,13,17,11,0,23,0,4
22981,23,15,19,18,1,28,20,28,0,17
51388,27,1,17,14,10,25,9,0,9,0
123606,21,24,22,22,8,8,18,20,2,3
81614,12,13,24,28,18,16,17,7,7,7
57185,27,15,28,29,22,27,9,11,9,20
25836,1,4,6,29,6,10,14,21,11,0
8508,21,12,22,19,8,21,29,24,23,22
25934,3,1,17,0,7,27,3,23,6,20
11188,1,1,26,29,22,28,12,26,9,17
4817,10,3,8,26,16,9,7,15,3,18
56954,5,2,6,0,11,10,11,8,15,26
79576,23,15,5,26,16,28,20,2,3,17
85407,19,3,18,3,4,2,7,15,16,18
28511,19,3,18,3,4,2,7,15,16,18
55922,1,27,5,18,10,13,12,21,0,0
4820,27,0,28,24,27,12,22,12,19,10
57555,7,21,14,1,7,13,26,28,9,20
57502,21,7,16,22,11,26,24,19,2,12
22829,20,6,28,18,7,4,6,21,28,28
51701,11,22,12,20,1,19,8,28,14,24
57486,11,15,5,20,1,19,26,28,14,9
22861,4,14,9,7,13,22,15,4,29,15
51068,10,3,8,26,16,2,27,15,3,18
4830,5,5,28,27,6,12,28,12,26,21
4832,19,29,8,26,16,9,27,2,3,6
4833,5,2,2,2,14,20,1,16,17,8
8382,11,15,5,20,7,25,26,11,1,9
10201,27,21,21,5,28,13,8,25,14,24
29922,0,25,4,4,0,0,20,26,20,19
57407,24,21,21,27,28,28,8,25,13,24
4836,22,4,29,24,6,10,22,16,8,26
9397,20,6,2,18,2,4,6,21,28,28
23530,19,3,18,3,4,2,7,15,16,18
84273,15,12,11,19,14,21,18,3,19,12
28987,11,22,12,20,1,19,26,28,1,9
26155,29,8,6,0,6,7,0,23,26,4
64318,11,22,12,5,1,13,26,28,1,9
79954,0,25,4,4,0,0,10,11,22,19
25926,2,2,11,19,12,21,1,24,19,8
8996,11,27,14,1,1,19,26,28,1,9
140688,11,27,14,26,1,9,20,11,20,9
51406,22,15,28,29,7,13,14,0,8,0
55035,27,0,10,24,19,12,3,12,8,10
79707,0,25,4,4,0,0,10,26,22,19
9221,7,0,28,27,7,25,19,0,6,0
64434,18,1,6,27,19,27,12,26,0,28
4841,29,8,6,0,26,12,0,23,11,4
55505,15,28,23,22,12,21,29,14,2,3
8602,3,0,10,2,6,3,1,5,8,8
10528,10,15,14,26,10,9,20,2,20,1
51602,19,3,8,3,4,2,7,15,3,18
647979,0,25,4,4,0,0,10,26,22,19
9722,7,1,26,27,19,25,28,0,26,10
51070,29,29,1,13,26,11,27,10,24,6
4853,19,3,8,26,16,2,7,15,3,18
4857,19,3,8,3,4,2,7,15,16,18
64067,19,3,18,3,4,2,7,15,16,18
4863,29,8,1,13,26,11,0,23,24,4
10577,19,3,8,3,4,2,7,15,16,18
56654,10,15,14,26,16,9,20,2,20,1
9520,7,15,5,13,22,28,9,0,0,20
4867,29,15,19,1,26,9,20,11,24,1
27031,1,27,5,26,10,9,20,2,0,17
9284,17,23,15,16,24,18,13,5,12,5
80896,11,15,12,20,10,19,9,28,1,9
4869,7,1,6,27,27,25,12,26,11,0
8131,19,3,18,3,4,2,7,15,16,18
27020,29,29,1,13,26,11,27,10,24,6
1728,28,4,6,27,19,10,8,13,13,20
9975,0,25,4,4,22,0,10,26,11,19
7181,24,4,12,5,17,19,8,12,1,24
7182,1,27,6,29,22,25,14,26,11,4
7025,28,10,6,24,27,10,19,16,8,10
7026,1,15,5,26,10,9,20,2,3,1
2063,23,15,5,26,22,13,20,11,3,1
2908,1,27,5,1,1,19,26,11,0,9
2649,0,25,4,4,0,0,10,26,22,19
4893,19,3,18,3,4,2,7,15,16,18
29982,27,0,17,27,7,10,19,0,6,10
29959,0,8,12,4,26,0,0,11,24,17
4897,7,1,5,27,22,25,9,11,9,17
4898,2,2,16,2,6,24,1,8,15,23
55051,23,15,12,13,26,11,27,28,24,6
9315,1,4,14,4,22,13,10,26,22,0
3084,15,12,22,19,3,21,13,14,17,22
8204,23,4,19,26,22,25,9,11,0,9
56675,6,24,11,19,9,21,1,5,19,8
11270,24,22,21,5,27,19,8,25,13,24
8829,28,4,26,27,7,3,19,26,9,10
8828,8,5,16,10,11,23,11,22,25,26
10412,21,28,9,22,21,8,24,19,7,3
64324,11,1,14,1,22,13,26,21,20,17
55968,20,6,2,8,2,10,28,21,28,2
27065,5,2,11,24,9,7,28,5,15,16
25936,10,27,8,3,16,9,20,2,20,1
197370,20,6,2,18,2,4,6,21,28,2
286053,24,22,21,5,28,19,8,25,13,24
56160,28,6,6,18,6,3,14,21,26,2
54780,19,3,18,3,4,2,7,15,16,18
84081,0,1,6,29,19,10,3,13,6,28
54888,28,0,10,24,27,10,19,13,9,28
63899,19,3,18,3,4,2,7,15,16,18
260294,29,8,5,13,26,13,19,11,24,4
221078,11,15,3,23,28,19,11,28,14,9
79730,1,27,13,26,10,9,12,26,0,17
30833,19,29,8,3,16,2,27,15,3,18
22978,1,27,14,1,22,13,9,11,0,9
51251,19,3,18,3,4,2,7,15,16,18
115024,19,3,18,3,4,2,7,15,16,18
221294,28,0,6,27,7,10,19,26,6,0
64943,26,14,0,7,5,14,16,20,29,11
123803,29,8,26,29,22,13,14,26,11,0
50863,6,2,29,19,6,24,1,3,19,8
28989,10,27,14,26,16,9,20,2,20,1
9423,28,1,17,27,22,25,9,6,9,20
22854,10,15,14,26,16,9,20,2,20,1
84284,11,15,12,20,1,19,26,28,1,9
9891,24,21,12,5,28,27,14,25,13,10
51667,10,3,8,3,16,9,7,2,3,18
4682,19,3,18,3,4,2,7,15,16,18
10101,15,28,9,25,8,5,18,24,23,14
80224,0,4,4,4,22,0,10,26,0,17
4924,18,11,13,12,25,1,21,17,25,29
4925,0,25,4,4,0,0,20,2,22,19
64710,10,29,8,3,16,9,20,2,20,1
10726,22,2,29,17,19,7,14,13,8,8
84955,20,6,28,18,10,4,6,21,9,0
134492,23,27,5,12,25,9,21,28,14,9
23386,29,21,12,20,22,23,0,22,0,17
4521,24,22,21,5,28,19,8,25,13,24
55190,7,18,17,14,7,13,3,0,6,20
83594,18,11,13,12,25,1,21,17,25,29
256281,14,7,3,8,11,12,11,1,28,2
55270,22,2,23,19,21,21,1,24,17,12
131870,23,1,14,26,10,13,26,6,9,17
84309,7,4,17,14,22,25,19,11,6,20
318,10,27,5,26,10,9,9,2,20,1
11051,10,27,8,26,16,2,7,2,3,18
11165,10,27,19,26,16,9,20,2,20,1
11163,19,3,18,3,4,2,7,15,16,18
11164,10,3,8,3,16,2,7,15,3,18
53343,10,27,14,26,10,25,9,6,9,1
83540,0,4,4,4,0,0,10,26,11,19
26747,1,1,5,27,7,13,9,12,0,17
57532,11,27,14,5,1,19,26,28,1,9
4926,24,22,21,5,28,19,8,25,14,24
8650,18,25,13,12,25,1,21,17,25,29
57122,28,4,26,29,7,27,19,13,9,0
55746,11,27,14,26,1,9,20,28,3,1
9972,10,29,19,26,16,9,27,2,3,6
9631,23,27,5,1,22,9,20,28,0,1
8021,22,2,11,24,14,10,13,12,19,8
79023,1,1,26,29,17,25,9,11,9,10
348995,29,29,1,13,26,11,27,10,24,6
10762,20,6,2,8,2,6,6,1,28,2
53371,22,5,10,17,17,12,3,5,11,8
9818,21,12,22,9,21,5,29,4,4,14
23636,19,3,18,3,4,2,7,15,16,18
79902,5,0,10,27,19,3,28,12,26,28
4927,19,3,18,3,4,2,7,15,16,18
9688,23,1,5,1,10,13,9,26,9,17
11097,23,8,1,20,26,11,0,10,11,4
51203,11,22,21,20,28,19,26,25,1,9
10204,21,28,23,22,8,26,24,19,4,22
4931,10,29,1,13,26,11,27,10,24,6
10482,8,11,10,18,7,27,14,16,25,29
64359,20,6,2,8,2,6,6,1,28,2
29107,23,29,8,26,16,9,27,10,3,6
221443,7,15,5,29,22,25,9,0,0,20
4942,29,8,1,13,26,11,0,23,24,4
4946,11,25,21,20,1,19,26,25,1,9
4947,0,25,4,4,0,0,10,26,20,19
23363,1,15,5,1,22,13,12,11,1,9
54940,1,27,5,29,22,28,9,26,0,0
132299,19,3,18,3,4,2,7,15,16,18
4953,10,27,5,26,16,9,20,2,20,1
4957,20,5,13,24,14,10,14,24,17,2
57489,0,25,14,4,0,0,10,6,11,19
8481,20,6,2,18,2,4,6,21,28,2
4967,19,3,8,3,4,2,20,2,3,1
55239,16,17,20,6,22,13,9,11,0,17
4968,10,3,8,26,16,9,20,2,3,1
8473,19,3,18,3,4,2,7,15,16,18
29789,27,0,26,17,27,27,28,12,11,10
10439,8,15,12,1,25,1,21,17,25,9
9480,18,21,21,12,17,25,14,25,0,0
4976,1,15,14,20,22,28,26,28,14,9
80207,8,11,13,0,25,10,14,17,0,16
10133,19,3,18,3,4,2,7,15,16,18
84876,6,10,29,24,14,7,1,24,17,8
80228,1,15,14,29,10,28,10,26,9,17
220064,23,15,5,1,10,9,20,28,20,1
4999,28,4,4,0,7,3,14,12,26,28
23595,10,27,8,1,16,9,20,2,20,1
5000,19,3,18,3,4,2,7,15,16,18
23594,28,5,10,10,27,27,3,22,26,26
94101,10,3,8,26,16,9,27,2,20,1
29095,19,3,18,3,4,2,7,15,16,18
94103,22,18,6,17,15,27,3,16,15,10
10956,14,16,27,23,20,15,2,27,10,27
5007,24,22,21,5,28,19,8,25,13,24
114884,6,7,16,10,14,26,24,22,2,26
114885,23,15,14,20,22,13,20,11,14,9
114876,6,12,11,25,21,26,18,4,17,12
9885,0,25,4,4,0,0,20,26,20,19
26031,2,5,11,14,15,12,1,3,19,16
114882,11,1,14,20,1,9,26,28,14,9
114883,10,27,8,26,16,9,20,2,3,1
51526,23,4,26,27,22,25,9,0,9,20
55644,25,12,29,8,14,6,29,1,17,22
116039,24,22,21,5,28,23,8,25,13,24
100128731,16,17,20,6,24,18,4,18,18,21
58505,29,29,1,13,26,9,27,10,20,6
26578,1,27,4,29,10,13,12,26,22,17
28962,5,4,6,29,6,27,14,23,11,4
55611,27,1,26,1,17,25,9,11,0,0
23252,10,29,19,26,16,9,27,2,3,1
54726,0,25,4,4,0,0,12,26,22,19
51633,29,8,1,13,26,11,0,23,24,4
56957,29,27,5,26,22,28,20,2,20,1
5015,19,3,18,3,4,2,7,15,16,18
5018,19,3,18,3,4,2,7,15,16,18
5019,27,4,4,29,0,0,10,12,22,19
55074,19,3,19,3,4,9,27,15,20,18
9943,1,15,4,1,22,28,12,26,0,17
5021,11,4,14,29,10,25,9,11,9,9
5025,24,22,21,12,25,19,21,25,13,9
64175,10,27,19,26,16,9,20,2,20,1
10609,10,3,8,1,16,2,20,2,3,1
5033,5,0,4,4,6,0,12,26,22,0
8974,14,16,3,23,20,15,11,27,10,27
5034,7,1,26,27,22,28,9,12,9,10
54681,10,29,1,13,26,11,27,10,20,6
5036,3,7,16,10,11,23,11,22,11,26
80227,10,27,5,1,10,13,20,26,20,1
26986,11,22,12,20,1,19,26,11,14,9
80336,24,22,12,20,28,19,8,25,13,24
5042,23,15,5,26,16,28,12,2,20,1
8761,10,27,19,26,16,9,20,2,3,1
8106,19,3,18,3,4,2,7,15,16,18
133015,10,29,8,26,16,9,27,2,3,1
55690,11,27,19,20,1,9,20,28,1,9
23241,0,4,26,27,10,28,10,11,0,17
11252,10,27,19,1,16,9,20,2,3,1
54623,1,4,14,29,22,25,12,11,9,17
5048,20,6,26,18,2,4,6,21,28,2
5049,18,1,13,12,22,1,12,17,11,0
5050,3,11,13,10,25,23,12,22,9,26
10606,11,22,21,20,1,19,26,28,14,9
10605,24,18,5,29,7,25,26,25,11,20
51247,12,5,11,19,14,27,1,16,27,16
5058,6,10,10,2,19,12,28,5,17,16
55003,10,15,19,26,16,9,27,11,3,6
5062,19,3,18,26,4,2,7,15,16,18
5063,10,29,19,1,16,11,27,10,3,1
79728,1,25,5,20,10,13,12,26,0,17
23022,11,15,21,1,17,19,26,28,1,9
5064,10,27,14,3,1,9,20,2,20,1
5066,15,9,22,9,3,5,18,14,5,3
9924,23,15,1,13,26,11,0,10,24,6
80025,10,3,8,3,4,9,7,15,3,18
79646,19,3,18,3,4,2,7,15,16,18
167153,28,0,10,27,27,3,19,12,6,28
64282,22,5,11,24,9,12,3,8,8,16
10914,6,10,16,24,9,7,1,16,17,16
64895,23,15,19,26,16,9,20,2,3,1
9061,5,6,2,18,2,6,6,1,26,2
9060,10,3,8,3,16,2,20,2,16,1
152559,10,3,8,3,16,9,20,2,3,1
56288,3,5,26,27,7,25,19,13,9,28
84612,11,22,12,20,1,19,10,28,1,9
84552,23,29,19,26,16,9,27,10,20,6
8505,18,11,13,12,25,1,25,17,25,29
11315,23,27,14,26,22,13,10,6,20,17
55486,19,3,8,3,4,2,7,15,16,18
25849,16,17,20,6,23,29,23,18,18,21
5073,0,1,6,29,22,0,14,13,1,17
142,23,27,8,26,16,9,20,2,20,1
57097,10,29,8,26,16,9,20,10,20,6
10038,23,27,19,1,1,9,20,6,20,1
143,3,6,2,2,27,20,22,22,28,2
79668,6,7,23,10,9,26,13,19,17,22
55742,7,5,6,27,10,25,14,0,0,28
10207,19,3,18,3,4,2,7,15,16,18
219988,11,27,14,26,1,9,20,11,1,9
23598,29,29,1,13,26,11,27,10,24,6
5074,11,27,19,26,1,9,20,28,1,1
94104,2,10,29,25,9,21,13,3,17,16
22976,8,21,12,12,25,23,21,22,25,26
51260,22,18,11,24,7,20,28,22,8,26
55193,10,3,8,26,16,9,20,2,20,1
5087,27,1,28,29,25,27,12,6,8,0
5090,3,10,10,27,7,10,14,12,6,28
57326,11,22,12,20,28,19,9,28,1,9
5092,23,25,5,27,22,13,10,6,0,0
5093,23,15,19,26,1,9,20,28,3,1
5094,16,17,20,6,23,29,23,18,18,21
57060,23,15,5,1,10,13,26,6,0,17
5095,29,8,6,29,22,9,0,23,20,17
5096,28,4,6,17,27,7,28,13,11,4
27328,7,1,28,29,7,28,9,6,0,0
54510,23,15,5,1,1,9,9,26,20,17
5099,24,21,21,10,7,23,8,25,13,24
5101,19,3,8,3,4,2,7,15,16,18
56139,7,4,14,27,10,28,9,11,20,17
56137,0,25,4,4,0,0,12,26,22,19
56126,10,29,1,4,26,0,27,10,22,1
56122,10,29,19,13,16,11,27,10,3,6
56121,11,27,5,20,1,19,26,11,1,9
57717,11,22,21,5,1,19,26,28,14,9
26167,5,2,16,19,9,7,28,24,17,16
56112,7,22,17,20,10,25,26,28,1,20
64773,29,8,6,2,19,27,0,23,26,4
51585,19,3,18,3,4,2,7,15,16,18
7703,23,15,14,20,22,28,11,11,0,17
10336,19,3,8,26,4,2,7,15,16,18
84333,29,8,6,29,26,28,0,23,11,4
84108,19,3,18,3,4,2,7,15,16,18
55795,11,22,12,5,28,19,26,25,1,24
27445,10,3,8,26,16,9,27,2,20,1
5108,0,25,4,4,22,13,10,11,22,0
5110,10,3,19,26,16,2,7,15,3,18
115294,19,3,8,26,16,2,20,2,3,18
55251,1,15,5,26,22,9,20,6,3,17
5111,1,25,14,1,22,9,26,6,0,17
57092,28,4,26,29,22,28,14,21,0,28
5116,23,27,19,26,16,9,20,11,20,1
22990,10,29,1,13,26,11,27,10,20,6
80003,0,25,5,4,22,28,12,26,22,17
64430,29,29,1,13,26,11,27,10,24,6
5122,18,4,13,18,25,4,21,17,0,0
9159,11,27,5,20,1,0,10,11,22,1
51449,10,27,5,26,16,9,20,2,3,1
78991,25,24,23,8,8,6,29,19,7,12
5130,5,4,10,29,22,13,12,26,9,28
11333,27,15,12,1,7,25,19,0,0,0
11235,23,15,5,26,22,28,10,11,20,17
22984,11,27,14,20,1,19,26,28,14,9
5134,11,22,12,20,1,19,26,28,1,9
27250,3,5,26,17,27,3,3,6,11,10
9141,7,15,26,1,7,25,9,0,0,20
10016,10,3,19,26,16,9,20,15,16,18
10015,15,9,22,19,3,22,29,14,4,14
10081,22,10,29,24,27,10,28,16,26,8
5082,23,15,5,1,10,13,12,11,0,1
79031,25,6,2,8,14,26,6,1,28,2
347862,25,2,22,25,12,26,18,4,17,12
5139,7,1,14,29,17,13,9,0,6,20
5142,10,15,19,26,16,9,20,2,20,1
5144,29,8,1,13,26,11,0,23,24,4
9659,7,1,26,29,22,25,28,6,0,4
8654,1,1,5,26,10,9,20,2,3,1
5158,24,21,3,10,28,23,11,22,9,26
5147,7,15,5,26,22,25,9,0,0,1
5150,29,8,1,13,26,11,0,23,24,4
5151,4,20,0,21,29,14,16,9,21,15
8622,11,27,14,20,1,9,26,28,1,9
5152,1,25,14,4,10,0,12,11,9,17
56034,16,17,20,6,23,29,23,18,18,21
80310,10,29,14,26,16,9,20,2,3,1
5160,10,15,8,26,16,9,20,2,3,1
5162,7,4,17,27,22,28,9,6,0,0
8050,27,8,6,0,19,27,0,23,26,4
2923,27,18,28,17,15,10,19,13,11,10
9601,1,27,5,26,10,9,20,28,20,1
10130,0,4,28,4,22,0,12,26,22,17
149420,10,15,5,26,16,9,20,2,20,1
5163,28,5,28,0,17,27,28,13,11,28
5166,23,15,14,1,22,13,26,26,3,9
64236,27,1,5,27,7,25,9,12,0,17
10611,24,22,12,5,28,23,11,25,1,9
9260,23,4,14,26,22,28,10,26,22,17
5170,10,27,14,26,16,9,20,2,3,1
55066,5,10,29,0,19,10,13,23,8,4
81572,28,25,4,4,22,27,12,11,22,17
23244,10,27,8,26,16,9,20,15,20,1
23047,11,15,14,20,1,19,26,11,14,9
23590,19,3,18,3,4,2,7,15,16,18
23042,7,18,28,27,17,25,9,0,9,20
8566,1,1,26,29,19,27,14,16,0,17
51248,11,21,12,5,28,19,8,25,1,24
118987,18,11,13,12,25,1,21,17,0,29
23024,3,8,6,0,19,10,12,13,26,4
29951,3,18,26,27,15,25,19,0,6,28
8682,6,12,22,25,14,6,22,3,2,16
79834,29,8,1,13,26,11,0,23,24,4
5037,10,29,19,3,16,2,27,10,3,6
553115,1,15,14,1,10,28,9,6,9,17
23089,1,15,26,1,22,13,10,26,9,17
57162,24,21,21,5,28,19,26,25,9,9
53918,11,22,21,5,1,19,26,28,1,9
27043,19,3,18,3,4,2,7,15,16,18
5184,5,0,29,17,6,3,12,5,11,28
5187,1,21,5,20,22,19,26,11,1,9
8864,3,0,6,24,7,3,28,13,15,0
64065,24,21,12,5,28,19,8,25,13,24
23481,27,18,17,14,15,24,1,12,15,23
5189,3,8,6,27,7,23,0,22,9,4
5192,2,12,16,19,3,24,1,5,15,23
8800,11,22,14,20,1,19,26,28,14,9
5828,19,3,18,3,4,2,7,15,16,18
55670,10,1,5,26,16,9,20,2,0,1
5201,16,17,20,6,23,29,23,18,18,21
5202,0,27,28,29,22,13,12,26,22,17
5203,27,1,26,27,22,25,19,16,9,20
5204,20,22,12,18,28,4,8,21,13,24
10471,19,3,18,3,4,2,7,15,16,18
5209,23,27,19,26,10,13,20,26,9,17
5210,1,25,4,12,22,13,10,26,9,17
5211,0,0,6,29,19,27,22,23,11,28
5213,9,9,9,11,21,22,18,4,5,3
5214,19,3,18,3,4,2,7,15,16,18
5216,2,7,11,24,9,7,28,24,19,16
5217,8,11,13,12,11,1,25,17,25,29
5223,24,21,21,5,28,19,21,25,14,24
80055,23,27,5,1,1,9,20,2,3,1
27315,3,2,29,10,6,3,28,16,26,8
84547,10,29,8,13,16,11,27,10,3,6
79605,15,12,16,2,12,26,13,24,23,22
5226,20,6,2,8,14,6,6,1,17,2
80162,3,5,28,0,27,3,19,13,8,10
5229,6,2,16,17,3,20,22,24,19,23
5230,27,5,17,5,7,25,9,0,6,10
25796,11,22,21,1,1,13,26,28,14,9
5236,10,15,5,26,16,9,20,2,3,1
55276,24,4,12,20,1,19,8,6,14,24
283209,10,3,8,26,16,9,27,2,3,18
5238,1,25,5,29,22,9,10,11,0,0
283871,0,25,4,4,0,0,10,26,22,19
54858,5,5,28,24,7,10,14,12,11,10
10857,28,5,17,27,27,10,19,13,15,10
10424,19,3,18,3,4,2,7,15,16,18
9749,23,27,5,1,16,9,9,11,20,1
65979,28,4,26,0,19,27,14,13,11,0
51808,11,27,12,20,1,19,26,28,14,9
5245,29,8,1,0,19,28,0,23,11,4
11331,0,1,5,29,22,0,10,11,0,17
1911,29,15,1,13,26,11,0,23,24,4
1912,22,10,29,24,9,20,13,5,19,16
5252,20,1,26,18,10,4,14,21,0,0
55274,9,26,9,9,21,5,15,20,4,14
51131,28,21,28,20,17,13,12,12,1,0
57649,7,1,26,14,17,28,19,0,9,20
148479,5,10,10,10,19,27,28,16,26,26
9678,24,22,12,27,7,13,9,22,1,20
5253,10,3,8,26,16,9,20,2,16,1
51230,24,21,21,5,28,19,26,25,13,24
51105,19,3,18,3,4,2,7,15,16,18
51317,1,15,5,1,10,13,20,2,0,17
112885,1,15,5,18,22,4,10,28,20,17
79142,24,22,12,5,28,19,8,25,14,24
23469,5,21,6,5,27,19,14,12,1,24
84844,19,3,8,26,4,9,7,15,16,18
84295,8,7,11,10,11,20,24,19,7,26
23133,3,0,28,14,15,24,3,8,15,16
26227,10,27,8,26,16,9,20,2,20,1
55023,0,1,28,29,22,0,10,26,22,17
5257,27,18,17,14,15,24,19,8,6,20
23187,11,4,4,20,1,19,10,11,1,24
90102,23,27,8,26,10,28,20,11,3,1
29085,11,25,14,1,1,19,21,28,14,0
57661,11,21,12,5,28,19,8,25,13,24
10745,18,4,13,29,25,1,21,17,0,17
57157,16,17,20,6,23,29,23,18,18,21
5264,28,4,14,27,22,13,9,26,9,17
84457,2,10,29,19,14,7,13,3,15,16
85007,1,1,26,20,17,28,9,6,0,10
5297,11,22,21,20,1,19,8,25,14,9
5298,11,27,5,20,1,9,20,28,14,9
8554,10,29,19,1,16,9,20,2,3,1
9063,11,4,5,1,10,19,26,28,1,9
10401,22,2,11,24,9,20,13,24,17,8
51588,10,29,8,26,16,9,27,2,3,1
10464,19,3,8,3,4,2,7,15,16,18
8301,10,3,8,3,4,9,7,15,3,18
63895,1,15,19,29,10,9,9,2,20,1
128344,3,7,10,10,27,23,11,22,6,26
5279,0,25,4,1,1,0,10,26,1,9
5281,1,22,5,20,1,19,26,6,1,17
54872,26,9,23,9,21,22,15,4,4,14
5283,19,3,18,3,4,2,7,15,16,18
10026,10,3,18,3,4,2,7,15,3,18
9487,19,3,18,3,4,2,7,15,16,18
93183,19,3,18,3,4,2,7,15,16,18
51227,28,5,28,14,7,3,22,13,6,10
94005,10,27,5,26,16,9,20,2,20,1
51604,10,29,1,13,26,11,27,10,24,6
128869,3,22,10,29,17,10,14,13,8,2
54965,11,15,19,20,1,19,26,28,14,9
55011,10,29,8,3,16,2,27,10,20,6
5286,10,3,19,3,16,2,27,15,3,18
5289,1,1,26,29,17,13,12,11,0,0
5290,29,15,1,13,26,11,27,10,24,6
5295,5,18,29,10,9,3,3,12,8,16
8503,23,1,14,27,22,13,9,6,0,17
200576,23,27,8,26,16,9,20,2,3,1
5300,11,27,5,20,1,19,26,28,14,9
5303,10,3,5,26,16,9,20,2,20,1
8396,23,27,5,20,22,13,20,11,1,17
8394,10,27,8,26,16,2,20,2,20,1
266971,16,17,20,6,23,29,23,18,18,21
8544,11,17,20,6,23,29,26,18,18,21
23761,0,25,4,4,0,13,10,26,9,17
57095,23,25,26,4,10,28,10,6,0,17
5306,7,0,28,29,7,25,19,12,0,20
23760,28,5,26,24,27,27,3,16,26,20
10531,28,4,26,29,19,10,9,13,9,28
5308,1,8,26,29,17,27,0,23,11,4
64219,0,8,5,29,0,27,12,23,11,17
9867,1,1,5,20,10,28,9,26,1,17
5311,9,14,9,9,3,5,15,4,5,14
5569,18,1,6,29,19,27,12,12,9,10
5570,0,25,4,1,0,0,20,26,22,19
11142,24,22,12,5,28,19,8,25,13,24
5315,7,18,26,14,19,27,19,0,6,20
5586,11,27,14,26,1,9,26,28,3,1
5316,23,27,19,26,16,9,20,2,20,1
63876,19,3,8,3,4,2,20,2,16,1
5318,3,18,6,17,6,27,28,16,6,28
8502,10,15,5,26,16,9,20,2,20,1
81579,0,25,4,4,0,0,12,26,22,19
9373,24,21,21,5,28,23,28,25,13,24
5324,1,1,5,14,22,28,9,0,0,0
23236,27,21,17,5,17,28,8,22,6,24
5332,23,15,14,26,10,28,20,11,20,1
5333,23,15,14,26,10,9,10,2,3,1
51196,27,1,26,27,22,10,19,26,0,0
5335,5,2,10,0,6,7,14,3,11,16
23007,0,25,4,4,0,0,10,6,22,19
23228,19,3,18,3,4,2,7,15,16,18
23646,29,1,26,29,22,28,9,0,0,17
59338,1,1,17,29,22,25,9,0,9,0
59339,23,27,14,13,22,28,9,6,9,17
65977,20,6,2,18,2,6,6,21,28,2
57664,11,15,5,20,10,9,20,28,3,9
54477,27,0,10,29,19,27,14,16,6,0
22874,24,21,13,10,28,23,11,22,13,26
84725,10,27,5,26,16,9,20,2,20,1
51054,11,15,5,1,1,9,26,28,14,9
55041,11,22,12,4,1,19,26,28,1,9
57480,10,3,19,26,4,2,7,2,3,1
64857,7,18,17,14,15,25,3,0,6,20
153478,10,3,8,26,16,9,27,2,3,18
130271,19,29,8,26,4,9,27,10,3,18
55111,24,22,12,20,17,23,8,25,14,24
51177,10,27,8,26,16,2,20,2,3,1
55848,7,1,26,27,10,13,9,12,9,17
123,10,3,8,3,4,2,7,15,16,18
10226,16,17,20,6,23,29,23,18,18,21
10769,13,16,27,15,20,15,2,27,10,13
5351,19,3,8,3,16,9,20,2,3,1
5352,23,15,5,1,1,9,20,26,3,1
5354,29,8,6,29,22,13,0,23,0,4
8611,11,27,14,1,1,19,26,28,14,9
8613,19,3,18,3,4,2,7,15,16,18
84513,19,3,8,3,4,2,7,15,16,18
79948,5,10,29,2,14,7,1,16,26,8
5356,5,10,10,2,9,27,22,16,8,8
5358,11,22,26,18,1,19,12,11,0,9
5360,11,22,12,1,10,19,26,11,1,9
84898,9,26,9,9,29,14,16,20,29,15
5361,7,1,5,14,22,13,19,0,6,10
5364,24,22,21,5,28,19,8,25,13,24
135293,22,2,16,19,14,12,22,8,19,22
6490,8,11,13,10,11,23,25,22,25,26
11243,28,0,10,27,27,12,14,12,8,28
5372,0,4,6,27,22,0,14,6,11,19
5373,19,3,8,3,4,2,7,15,16,18
5376,18,11,13,12,25,1,25,17,25,29
9512,10,3,19,26,16,9,20,2,20,1
5378,27,1,26,29,19,25,14,0,9,10
5395,23,27,5,1,1,19,26,28,1,9
10654,21,24,16,23,12,21,18,19,19,22
139728,7,27,26,29,22,13,9,12,9,17
25957,23,29,1,13,10,11,27,10,24,6
25953,0,25,4,4,0,0,10,6,22,19
11284,0,25,4,4,0,0,10,26,22,19
9240,27,2,11,14,15,12,1,8,26,23
10687,7,18,17,14,17,25,9,0,6,20
55228,0,27,5,1,16,9,20,2,3,1
5411,11,22,12,1,1,28,26,28,1,9
56902,7,1,17,14,15,25,9,0,6,20
8228,11,15,12,1,1,19,26,28,1,9
50640,1,25,4,29,17,13,21,11,0,0
87178,19,3,8,3,4,2,7,15,16,18
10957,27,21,28,20,17,27,8,25,14,24
55629,28,5,10,17,27,10,19,13,8,10
282809,10,29,8,26,16,9,27,15,3,18
134359,3,0,28,27,7,3,19,12,6,28
5420,10,29,19,26,16,9,27,2,3,1
23275,10,3,8,3,4,2,7,15,20,18
57645,11,27,19,26,1,9,20,11,3,1
56983,24,21,21,10,28,23,11,22,13,26
23126,22,8,6,0,19,10,28,23,26,4
5422,28,1,14,27,22,28,10,13,9,28
5423,1,8,6,29,22,27,0,23,11,4
5425,11,22,21,20,1,19,26,28,14,9
10714,1,1,5,29,22,13,10,26,9,17
26073,24,21,21,5,28,23,8,25,13,23
84271,10,29,8,26,16,9,27,10,3,6
54107,6,8,10,0,19,12,0,23,17,4
56655,23,15,5,1,22,25,20,2,9,20
11201,15,28,23,9,12,21,18,4,7,14
51426,27,5,11,17,15,12,1,8,6,23
9533,10,15,8,26,16,9,27,2,20,1
51082,19,3,8,3,4,2,7,15,16,18
5430,2,12,22,9,8,5,18,14,5,22
5431,7,4,28,29,10,25,9,13,9,10
5432,22,5,6,0,19,12,0,5,26,4
5433,19,3,18,3,4,2,7,15,16,18
5434,19,3,19,3,4,2,7,15,16,18
5436,11,22,12,5,1,19,26,28,14,9
5437,1,1,6,29,22,25,28,6,6,10
5438,11,21,21,20,28,13,26,28,14,9
5439,24,21,2,0,27,23,14,22,15,20
5440,2,24,16,19,3,21,1,8,23,22
5441,27,5,26,14,7,25,14,0,9,20
81488,19,3,8,3,4,2,7,15,3,18
11128,8,4,26,29,25,28,12,13,0,28
55703,2,12,23,25,3,21,18,14,2,3
10623,11,22,21,20,1,13,8,25,14,9
661,1,22,14,1,10,19,12,26,9,17
55718,10,15,19,13,16,9,27,2,20,1
10621,3,0,10,0,19,27,19,12,6,28
84265,7,1,26,27,17,28,19,12,6,20
171568,19,3,18,3,4,2,7,15,16,18
9883,27,22,26,20,17,10,26,25,14,24
100101267,18,11,13,12,25,1,25,17,25,29
51371,27,1,17,14,15,25,19,0,25,10
10585,10,27,8,26,16,9,20,2,20,1
5445,5,0,6,27,7,27,28,16,26,28
10775,12,17,20,6,23,29,23,18,18,21
51367,11,4,14,1,1,9,20,2,20,1
10248,5,2,29,2,19,12,13,5,19,16
5447,5,0,6,0,19,10,14,25,8,16
5451,29,15,14,26,10,9,27,2,3,1
5454,11,4,12,1,1,19,26,28,14,9
11281,1,1,5,29,22,9,9,26,20,17
5464,24,21,21,5,28,19,26,28,14,24
27068,22,2,29,17,27,10,28,16,8,16
5471,5,18,28,24,27,12,3,12,6,23
8500,24,2,11,17,14,7,14,25,26,16
8496,1,4,14,29,22,19,9,26,1,10
8495,10,27,19,26,16,9,20,2,3,1
51535,1,15,14,20,10,13,9,26,20,17
5478,27,8,28,27,17,25,0,23,26,4
653214,10,29,8,1,16,9,20,2,3,1
5479,23,29,1,13,10,11,0,10,20,1
5481,1,4,26,29,10,28,12,26,11,17
10450,10,3,8,3,4,2,27,15,3,6
9360,1,4,5,1,22,13,20,6,0,17
10465,1,15,5,27,22,13,9,26,9,0
51645,5,4,6,24,6,10,14,12,11,28
23759,10,3,8,3,4,2,7,2,16,18
53938,28,0,4,29,0,28,10,26,11,19
85313,10,29,8,26,16,9,27,10,20,6
285755,5,4,6,27,7,27,19,13,26,0
23262,10,15,8,26,16,11,27,10,3,6
5494,5,2,16,17,6,12,3,8,8,10
5495,22,0,6,4,27,28,19,23,11,0
5496,19,3,8,26,4,2,7,15,16,18
152926,3,7,10,10,27,3,6,22,26,8
151742,19,3,18,3,4,2,7,15,16,18
51400,19,3,8,3,4,2,7,15,16,18
5498,29,15,14,26,22,9,27,10,20,1
5499,29,8,6,29,26,13,0,23,11,4
5500,8,22,26,1,7,25,9,0,9,20
5501,27,18,10,14,15,10,3,16,6,23
5514,29,8,1,13,26,11,0,10,24,6
6992,10,29,8,26,16,2,27,10,3,6
4659,1,21,3,29,27,23,11,22,11,26
26472,22,10,6,17,15,12,1,16,15,8
23645,19,3,8,3,4,9,7,15,16,18
84919,28,0,6,24,27,12,3,5,6,28
5504,5,10,29,17,12,20,22,3,8,8
129285,24,22,12,5,28,19,8,25,13,24
221908,11,15,14,1,1,28,26,28,1,9
79660,11,22,12,1,1,19,26,6,14,24
5510,19,3,18,3,4,2,7,15,16,18
5511,27,1,28,27,7,28,9,6,6,10
55607,1,1,28,27,22,25,19,26,9,28
5515,7,4,26,27,17,28,9,13,6,20
5516,10,29,19,26,16,2,27,10,3,6
5518,28,0,6,24,27,3,3,5,6,28
5519,1,1,5,18,22,4,12,21,0,0
5520,0,25,4,4,0,0,10,26,22,19
5521,7,18,17,14,15,25,19,0,6,20
55844,23,15,5,14,22,9,9,0,0,1
5523,10,3,8,3,4,9,7,2,3,18
28227,1,1,6,18,22,4,12,21,0,17
55012,23,27,14,20,22,28,10,6,3,17
5525,15,28,23,19,21,21,13,14,2,3
5527,11,27,12,20,1,9,26,28,1,9
5528,22,2,11,2,9,20,1,24,13,8
5529,27,5,26,24,17,25,14,17,9,20
5530,11,27,5,1,1,9,20,28,1,9
5532,14,16,3,23,20,15,2,27,10,27
5534,21,24,22,8,21,20,29,1,7,12
5531,0,25,4,4,0,0,10,26,22,19
9989,23,27,14,26,16,9,20,11,3,1
151987,23,27,19,20,1,9,20,2,3,1
55671,1,27,5,26,10,13,12,26,20,17
57223,11,15,5,1,1,9,26,28,1,9
5536,19,3,18,3,4,2,7,15,16,18
5537,19,3,18,3,4,2,7,15,16,18
22870,17,23,25,16,24,17,4,29,12,5
9701,22,10,29,2,19,7,13,16,19,16
55291,2,12,11,25,9,21,18,3,17,22
5538,19,29,8,3,16,2,27,10,3,6
160760,23,27,17,26,10,25,9,28,9,9
23398,28,5,11,17,14,27,14,13,8,8
10084,14,21,3,23,7,23,11,13,26,26
11230,2,2,29,2,9,26,1,5,19,8
9055,1,0,28,29,22,25,28,13,11,28
5546,28,2,28,24,7,12,3,16,26,23
5547,18,27,5,12,25,1,21,11,0,17
7799,1,1,14,27,7,13,9,26,9,17
11108,1,4,5,27,17,28,10,6,0,17
5052,5,4,4,27,27,10,3,13,9,28
7001,1,1,14,20,1,25,9,11,14,9
10935,7,0,5,27,22,28,9,12,9,28
10549,7,5,28,14,22,28,9,0,6,20
25824,10,15,5,1,16,9,20,11,3,1
9588,10,3,8,3,4,9,7,15,16,18
10113,22,2,11,19,12,21,13,3,17,22
27166,10,27,8,26,16,9,20,2,3,1
51012,11,27,19,20,1,9,20,2,14,9
5550,19,3,18,3,4,2,7,15,16,18
9581,7,1,14,14,15,13,19,0,0,17
144165,23,27,14,13,17,28,10,26,0,17
5557,0,25,4,4,0,0,10,26,22,19
5563,10,29,8,3,16,9,20,2,3,18
5565,29,8,1,13,26,11,0,23,24,4
5566,23,15,14,26,10,9,20,2,20,1
5567,22,2,29,24,9,24,1,8,15,23
5571,10,29,14,26,16,9,27,2,3,6
5573,29,29,8,13,16,11,27,10,20,6
5576,11,27,5,20,1,19,26,28,14,9
5577,29,15,5,29,16,9,20,2,20,1
5584,19,3,8,3,4,2,7,15,16,18
5589,7,1,14,29,22,25,9,11,14,17
5590,29,8,10,17,6,7,0,23,26,4
23683,9,9,9,9,5,5,15,20,5,3
5591,16,17,26,6,23,29,23,18,18,17
5592,27,18,17,14,15,25,3,0,9,20
8575,10,29,19,26,16,9,27,10,3,6
79706,10,3,19,26,16,2,7,15,3,18
5613,1,27,5,1,25,19,21,28,0,29
3276,7,18,17,14,17,25,9,0,6,20
3275,2,2,16,17,3,26,13,3,17,8
10196,1,25,5,26,10,13,20,11,3,1
10419,28,0,28,29,19,10,28,6,6,28
55170,19,3,18,3,4,2,7,15,16,18
5621,10,15,19,26,16,0,20,2,22,1
147011,3,0,10,27,7,3,3,13,8,10
5627,7,4,28,17,17,28,9,23,9,20
11212,10,29,19,26,4,9,7,2,3,18
5629,11,22,21,5,28,19,26,25,13,24
8559,2,2,22,25,14,5,1,3,19,16
27339,11,21,21,20,1,19,8,28,1,9
9129,28,25,28,29,17,3,10,13,0,28
26121,19,3,8,26,4,2,7,15,16,18
84950,28,4,17,27,17,25,19,12,9,28
55119,2,24,23,2,9,20,22,24,2,12
55015,19,3,18,3,4,2,7,15,16,18
9128,11,27,5,1,1,19,26,28,14,9
55660,11,22,21,20,1,19,26,28,1,9
25766,11,22,12,20,1,19,26,28,1,9
8899,5,8,6,0,19,7,14,23,11,4
24148,28,15,14,18,22,27,10,6,11,17
10594,11,21,21,1,1,28,9,28,1,9
5631,23,15,14,1,1,9,20,28,1,9
5635,10,27,14,26,16,9,20,2,3,1
5636,24,21,3,10,7,23,11,22,25,0
54458,1,21,28,12,22,19,12,25,14,0
78994,2,10,16,24,14,24,22,3,15,8
253143,1,25,4,12,25,13,21,6,0,29
80742,7,4,26,14,7,28,19,0,6,10
80758,10,27,19,1,16,9,20,2,3,1
133619,1,22,12,1,1,19,21,25,1,0
84726,23,25,5,29,22,0,10,26,0,17
23215,23,4,5,13,10,28,9,11,0,17
112476,1,27,5,20,22,25,9,26,0,0
5396,29,8,1,29,26,9,0,23,24,4
11098,22,2,16,2,9,21,3,12,19,23
167681,17,23,15,16,24,18,4,29,12,5
56952,10,27,8,26,16,9,27,2,20,1
283659,1,27,5,13,10,13,27,26,20,17
58497,2,5,16,24,14,21,1,3,19,22
5660,8,11,13,12,11,1,25,17,25,29
29968,10,29,8,26,16,9,7,15,3,18
23362,10,29,1,13,16,11,27,10,24,6
5663,5,1,26,0,19,10,14,16,26,28
55851,20,6,2,18,19,10,6,21,28,2
11168,10,29,19,3,16,2,27,15,20,6
5682,16,17,20,6,23,29,23,18,18,21
5683,1,25,5,4,10,28,12,26,0,17
5684,27,21,6,0,25,27,25,17,25,29
5685,11,21,12,20,28,19,26,28,1,9
5686,20,6,2,18,10,4,14,21,28,2
5688,29,8,1,13,26,11,0,23,26,4
5689,28,0,26,27,7,3,3,13,9,28
5690,1,21,21,18,28,19,21,21,14,2
5691,29,8,1,13,26,11,0,23,24,4
5692,11,22,12,5,28,19,26,25,1,24
5693,11,15,12,20,1,19,26,28,1,9
5694,9,26,9,22,8,8,16,20,4,3
5695,10,15,14,26,16,9,10,2,20,17
5701,10,27,19,1,10,9,27,10,3,1
5702,15,7,22,22,12,26,24,19,2,3
29893,1,27,14,18,10,28,10,21,0,0
5704,5,10,16,17,19,10,6,3,8,2
5705,3,5,6,0,6,3,19,16,26,10
5706,10,29,8,26,16,9,27,2,20,1
5707,10,15,14,26,1,9,26,11,20,1
5716,11,15,14,20,1,19,26,11,1,9
5717,24,22,12,5,28,28,8,25,1,24
5718,11,27,12,1,10,13,9,11,14,9
5719,3,4,6,29,6,12,14,12,6,0
10213,1,25,5,1,1,9,12,11,0,17
5708,10,15,8,26,16,9,20,2,20,1
5709,1,25,5,4,25,1,21,17,14,29
5710,29,1,6,27,22,28,0,23,11,4
5711,10,27,14,1,16,9,20,2,3,1
9861,29,8,1,13,26,11,0,23,24,4
5713,1,4,6,29,22,28,12,26,11,17
5714,10,3,8,3,16,2,7,15,16,1
5720,1,27,5,1,10,28,12,26,9,17
5721,11,27,14,26,1,9,9,28,3,9
10197,7,1,17,14,10,25,19,0,6,10
23198,18,11,13,12,25,23,21,17,25,29
9491,21,24,11,22,9,21,24,19,2,22
8624,9,7,23,22,21,26,24,19,2,14
56984,6,1,17,14,15,12,19,0,6,20
389362,1,27,26,1,22,9,12,26,11,17
55269,10,3,19,26,0,0,20,2,20,19
5723,8,11,13,12,25,1,25,17,25,29
375743,10,29,8,13,16,11,27,10,3,6
5725,26,20,7,11,29,14,16,9,21,25
58155,11,27,14,1,1,19,26,28,1,9
9991,18,11,13,12,17,1,28,12,25,29
79810,28,1,6,18,19,13,10,6,11,0
55037,23,1,12,24,22,25,19,0,9,20
9791,19,3,18,3,4,2,7,15,16,18
81490,10,29,19,26,16,9,27,2,3,1
5728,0,25,4,4,0,0,10,6,22,17
80142,7,18,17,14,17,28,9,0,0,20
10728,23,27,14,1,1,13,26,6,14,9
5738,10,3,19,26,16,9,20,2,20,1
22949,10,3,18,3,4,2,7,2,16,18
145482,8,21,13,5,25,1,21,17,13,29
5747,9,12,23,22,3,26,18,14,2,22
5757,16,17,20,6,23,29,23,18,18,21
5763,2,10,11,24,27,10,3,12,15,23
5764,10,15,8,26,16,9,20,2,3,1
53635,7,4,14,20,10,28,19,0,14,20
7803,23,21,6,1,28,27,12,12,14,24
8073,6,2,10,24,9,7,22,13,26,8
5524,19,3,18,3,4,2,7,15,16,18
114971,19,3,19,26,16,2,7,15,3,18
5770,10,3,18,3,4,2,7,15,16,18
5781,0,25,4,4,0,0,20,11,22,19
5782,27,22,13,12,25,1,21,17,25,29
5783,10,29,8,13,16,11,27,10,3,6
5784,19,3,18,3,4,2,7,15,16,18
5771,10,3,19,3,16,9,7,2,3,1
11099,19,3,8,3,4,2,7,15,3,18
5775,7,1,5,14,10,13,9,0,0,20
5780,5,10,16,10,27,20,1,22,19,26
5786,1,4,10,0,19,28,19,26,9,4
5789,2,12,11,2,14,20,13,24,15,16
5792,23,27,8,26,16,9,20,2,20,1
5793,1,1,6,29,10,13,12,21,0,28
5796,1,4,4,29,22,4,9,13,9,17
5797,19,3,18,3,4,2,7,15,16,18
5800,10,3,18,3,4,2,7,15,16,18
5803,15,26,22,9,21,5,29,14,23,14
284119,27,22,26,29,7,10,28,12,9,10
51651,11,22,12,20,28,13,26,28,14,9
391356,1,4,28,27,22,28,10,12,11,20
5805,0,25,4,29,0,0,10,26,22,19
9232,19,3,8,3,4,2,7,15,3,18
754,10,3,19,3,16,2,20,2,20,1
8226,11,15,14,26,16,9,20,11,20,1
22827,19,3,18,3,4,2,7,15,16,18
9698,23,21,21,5,10,13,8,28,1,24
23369,1,4,5,1,10,28,12,6,0,17
9933,20,4,26,18,10,4,12,21,0,17
5813,18,22,6,18,22,4,28,21,28,0
5814,10,3,8,26,16,2,7,2,16,18
83480,2,12,11,19,14,20,13,24,19,12
54517,1,1,14,20,22,13,12,6,0,17
83448,1,15,5,1,16,9,20,11,0,1
8123,7,21,12,27,28,28,9,11,14,24
11137,1,15,5,1,22,4,10,6,0,17
114825,1,4,26,29,7,25,14,26,0,20
7837,11,21,12,20,1,19,26,28,1,9
54899,11,27,12,20,1,19,26,28,1,9
92370,19,3,18,3,4,2,7,15,16,18
29920,16,17,5,6,23,29,23,18,0,21
26108,19,3,18,3,4,2,7,15,16,18
84305,19,3,18,3,4,2,7,15,16,18
100996939,12,13,24,28,18,16,17,7,27,7
5859,10,27,8,26,16,9,20,2,3,1
5860,28,0,28,24,7,27,9,6,9,28
9444,1,27,26,29,10,9,12,11,0,17
25797,18,1,10,27,17,28,10,6,6,20
23475,11,15,14,20,1,19,20,28,14,9
54870,19,3,8,3,16,2,7,15,3,18
55278,1,22,28,1,10,13,12,11,0,28
79832,27,18,17,14,15,12,19,0,6,23
79691,22,10,6,24,6,10,14,5,26,8
203069,0,25,4,4,0,0,10,6,22,0
27291,29,29,1,13,10,11,27,10,24,6
23518,19,3,18,3,4,2,7,15,16,18
22864,23,1,14,29,22,25,9,26,14,17
91300,15,12,11,19,3,24,13,24,19,22
10890,5,0,29,17,6,27,6,12,11,2
8766,5,8,10,2,19,10,28,16,8,16
9230,25,6,22,8,2,6,29,1,28,22
80223,28,1,6,18,10,4,12,21,0,28
22841,8,24,11,24,7,20,1,24,15,23
84440,19,29,19,3,4,9,27,10,20,6
5872,8,11,13,12,25,1,25,17,25,29
51552,10,29,19,13,16,9,27,10,20,1
22931,23,27,5,1,22,9,10,2,3,1
5861,0,25,4,4,0,0,10,6,22,19
81876,7,4,17,1,10,25,9,0,0,20
55647,20,6,2,18,6,10,28,21,13,2
23011,10,15,14,26,16,9,20,2,3,1
57403,19,3,18,3,4,2,7,15,16,18
51715,10,29,19,13,16,11,27,10,3,6
9364,1,4,26,1,10,28,12,11,0,17
8934,11,22,21,1,1,19,26,28,14,9
5862,11,22,21,20,1,19,26,28,1,9
84932,10,27,8,26,16,9,20,2,3,1
27314,11,21,12,5,10,19,26,21,1,24
83871,10,29,8,26,16,9,27,10,20,6
11021,22,18,26,0,17,27,19,0,6,20
116442,27,4,28,29,22,28,19,6,0,0
5865,0,1,6,4,22,0,10,26,22,19
115827,4,20,7,11,5,14,16,20,21,15
9545,10,29,8,26,16,9,27,10,20,6
22930,27,1,5,29,22,25,9,0,11,20
25782,19,3,8,3,4,2,7,15,16,18
117177,12,13,23,25,18,16,1,7,19,12
10966,11,22,21,20,28,19,8,25,13,24
5867,20,6,2,18,2,4,6,21,28,2
53916,5,8,16,2,19,7,0,3,15,4
5868,7,0,26,27,7,25,19,6,9,10
5869,10,3,8,3,4,9,7,15,3,1
5878,19,3,8,26,4,9,7,2,16,1
5870,18,4,5,29,22,27,21,26,0,20
7879,10,15,5,26,16,9,20,2,20,1
4218,11,22,21,20,1,13,8,28,1,9
51762,20,6,2,8,2,6,6,1,28,2
9367,3,2,10,19,15,12,1,5,19,16
10567,19,3,18,3,4,2,7,15,16,18
9135,7,5,6,27,19,12,19,13,26,16
10244,0,25,14,1,1,9,10,26,22,17
23637,10,15,5,26,16,9,20,2,3,1
9910,3,2,10,0,27,20,28,16,26,10
5876,10,15,19,26,16,9,20,2,3,1
55684,10,3,8,3,4,2,7,15,16,18
5879,1,4,6,29,22,27,12,6,22,0
29127,1,25,28,27,17,13,14,26,22,0
10399,23,29,1,13,26,11,27,10,24,6
5810,1,15,5,1,10,9,20,2,0,1
5884,23,27,14,26,16,9,20,2,20,1
56852,19,29,8,26,4,2,27,15,20,6
5885,23,4,14,18,10,4,10,21,0,17
5886,5,10,16,2,6,24,28,16,26,16
5887,6,2,11,10,14,23,13,19,19,12
10111,11,22,12,20,28,19,8,28,1,24
10635,21,24,2,8,14,6,6,1,2,12
5889,1,1,26,18,22,4,28,21,0,28
23132,11,22,14,1,10,19,26,11,1,0
8480,5,0,6,17,19,10,3,12,8,16
5894,7,1,17,14,15,25,9,0,6,20
26064,0,0,6,4,22,13,12,26,14,0
5898,23,25,4,4,22,0,10,26,11,17
5899,19,3,18,3,4,2,7,15,16,18
10928,1,1,5,26,1,9,10,11,20,17
253959,19,3,8,3,4,2,7,15,16,18
57186,18,18,26,18,27,23,11,21,25,26
57148,19,3,8,3,4,2,7,15,16,18
5900,28,5,28,27,17,25,14,13,8,10
55103,2,2,29,0,9,21,28,5,8,8
22913,27,1,26,24,6,25,19,16,26,10
10266,10,15,8,26,16,9,27,2,20,1
5901,10,15,14,26,10,9,20,2,20,1
5902,8,11,13,12,25,1,21,17,25,29
5903,23,4,14,29,22,13,10,11,0,17
8498,23,15,14,20,22,13,9,28,14,9
26953,19,3,8,3,4,2,7,15,16,18
10048,19,3,18,3,4,2,7,15,16,18
5905,18,5,11,18,19,7,22,21,8,2
29098,8,11,13,12,11,1,25,22,25,26
221547,1,27,19,1,22,13,20,6,3,17
5906,19,3,19,3,4,2,7,15,16,18
5908,10,27,19,13,10,13,9,0,3,1
5910,20,6,2,18,27,10,6,21,28,2
5911,2,24,11,19,12,7,13,24,19,22
57826,28,10,12,4,22,28,12,13,22,17
2889,23,27,19,26,10,13,20,2,20,1
9693,10,3,8,3,4,2,7,15,16,18
9771,23,27,5,1,10,13,20,2,20,1
51735,7,1,17,14,15,25,9,0,6,20
5917,19,3,18,3,4,2,7,15,16,18
57038,23,15,19,26,1,9,20,28,3,1
5921,5,0,10,24,27,3,6,24,8,28
5922,11,22,21,20,1,19,26,28,14,9
9462,5,5,6,27,15,12,19,12,8,8
153020,19,3,8,3,4,2,7,15,16,18
65997,10,3,8,3,16,2,7,15,16,18
83937,19,3,8,3,4,2,7,15,16,18
11228,23,1,5,1,10,25,9,0,9,20
5925,9,14,9,22,8,22,15,4,23,3
9821,3,10,10,2,19,7,28,5,8,16
57786,6,2,10,24,27,12,28,16,8,8
5928,29,8,1,13,26,11,0,23,24,4
5929,6,13,29,28,18,16,17,7,27,7
5930,24,22,21,5,28,19,8,25,1,24
5931,14,14,27,22,12,15,2,19,7,27
5932,1,4,5,29,22,25,12,26,0,17
10741,24,5,6,29,17,19,19,13,14,24
10616,23,1,26,1,1,28,9,6,1,9
23543,22,24,22,25,14,7,29,5,17,8
5934,1,1,26,18,22,4,12,28,9,17
8241,5,2,10,0,27,27,28,16,26,16
10137,27,5,17,27,17,25,19,0,6,20
389677,28,0,28,27,19,13,12,12,9,28
10432,23,25,4,29,0,0,10,26,11,0
29890,20,6,2,18,2,10,14,21,8,2
84991,11,27,5,26,1,9,20,2,20,1
92400,0,25,4,4,0,0,12,6,22,19
9904,10,15,19,26,16,2,20,2,3,1
55696,1,22,21,20,1,28,26,6,1,9
55147,27,1,5,1,7,28,9,6,9,20
221662,19,3,18,3,4,2,7,15,16,18
58517,1,8,29,0,19,27,14,16,11,4
64062,1,22,14,1,10,28,26,28,1,17
54439,21,24,23,2,14,24,13,16,2,12
55131,22,0,29,2,6,3,28,12,15,10
5935,10,15,8,1,16,9,27,2,20,6
155435,9,26,9,11,13,5,15,4,5,3
9584,3,5,29,0,6,27,28,12,8,16
5936,13,16,27,15,20,15,2,27,10,27
55285,29,8,6,0,26,11,0,23,11,4
79171,28,4,6,27,22,28,9,26,0,17
54502,15,26,23,22,12,5,24,19,7,3
84060,19,3,18,3,4,2,7,15,16,18
83759,8,5,26,0,7,10,14,16,26,16
10181,19,3,18,3,4,2,7,15,16,18
10180,23,27,14,1,22,13,20,26,3,9
10179,11,15,12,20,1,28,26,28,1,9
9939,10,3,19,26,4,2,7,15,16,18
5937,6,2,11,24,15,24,1,5,26,23
27303,23,1,5,29,22,28,20,11,20,17
27316,18,11,13,12,25,1,21,17,25,29
51634,2,24,16,19,9,12,13,8,19,16
494115,18,11,6,12,25,3,14,17,25,29
5947,23,27,5,26,10,13,20,11,3,17
3516,27,27,5,1,10,25,9,0,0,20
11030,23,25,4,4,0,0,12,26,22,19
64145,10,29,1,26,16,11,27,10,3,6
9978,19,3,18,3,4,2,7,15,16,18
149041,15,9,22,9,3,5,13,14,7,22
54542,11,21,21,20,1,19,26,28,1,9
1827,28,4,28,0,7,10,19,12,6,20
11123,19,3,18,3,4,2,7,15,16,18
55213,11,22,21,5,1,19,26,6,1,9
55920,10,27,14,26,1,9,20,11,20,1
25898,5,0,28,24,6,7,19,16,26,16
5954,19,3,19,3,4,2,7,15,20,18
5955,10,27,19,26,10,9,20,2,20,1
23186,28,0,16,24,27,3,22,12,15,16
283248,23,27,19,1,16,9,20,2,20,1
55758,0,25,4,4,22,0,12,26,22,19
51109,1,1,28,29,22,25,21,11,0,0
57665,1,27,5,1,10,25,20,2,0,17
5962,11,1,5,20,1,28,26,28,14,9
9985,28,1,4,27,10,13,10,6,11,17
5965,4,20,7,11,29,14,5,9,21,25
51308,0,0,4,0,6,0,12,26,11,19
221035,10,3,8,26,16,2,27,10,16,18
7905,11,21,12,12,22,23,11,22,0,0
5966,11,22,12,20,1,19,26,6,14,9
29803,19,3,8,3,4,2,7,15,16,18
85021,10,15,8,26,16,9,20,2,3,1
11079,11,22,14,20,1,19,26,11,14,9
473,21,9,23,19,21,26,13,14,5,14
5978,11,27,19,20,1,19,20,28,1,9
54884,24,22,21,20,28,19,8,6,14,24
51455,10,29,8,3,16,2,27,10,3,6
5980,23,27,14,1,10,13,9,6,9,17
57109,20,6,2,8,2,6,6,1,28,2
5981,19,3,18,3,4,2,7,15,16,18
5982,10,3,8,26,16,9,7,2,16,18
5984,19,29,19,26,16,2,27,2,3,6
5985,10,29,14,13,26,11,27,10,24,6
117584,0,25,14,4,0,0,20,2,22,19
55312,10,29,19,13,16,11,27,10,3,6
64326,19,3,18,3,4,2,7,15,16,18
55159,10,27,19,26,10,9,20,2,20,1
5990,28,1,14,27,7,13,14,6,0,10
5991,10,15,19,1,16,9,20,2,20,1
5992,0,25,4,4,22,0,12,6,22,19
5993,22,0,28,24,6,10,3,8,6,16
8625,28,18,17,29,17,27,9,11,9,28
5994,10,3,8,26,16,9,7,2,3,18
23179,10,29,1,26,16,11,27,10,3,6
5863,7,0,28,27,17,25,19,13,6,28
9827,10,3,8,26,16,2,7,2,3,18
6002,1,15,26,29,22,28,9,6,0,17
6004,21,24,23,9,21,21,29,24,5,12
5997,23,22,12,20,1,0,26,28,1,17
5999,23,1,5,29,22,25,9,6,0,0
8490,19,3,19,26,4,2,7,15,16,18
8787,23,4,12,29,10,28,14,13,9,20
57414,10,3,19,26,4,2,7,15,3,18
25807,11,27,5,26,1,9,20,2,20,9
6009,0,25,26,29,22,0,14,6,22,28
387,28,1,6,0,7,10,14,13,9,10
388,18,11,13,12,25,1,21,17,25,29
9886,7,18,17,14,15,3,3,8,19,23
22836,29,8,6,0,26,11,0,23,11,4
389,1,15,14,26,22,9,20,11,20,1
23433,28,0,4,27,0,27,10,13,22,28
55288,1,15,5,1,1,13,20,11,20,17
89941,19,3,18,3,4,2,7,15,16,18
58480,27,18,26,4,22,25,19,12,6,0
85415,6,24,29,2,9,3,22,3,19,16
79608,6,24,22,25,12,26,29,14,23,22
60626,22,24,10,25,9,7,1,3,15,8
55188,23,27,14,13,10,28,10,2,3,17
253260,0,25,4,1,0,0,20,2,20,19
10247,10,27,19,26,16,9,20,2,20,1
55183,19,3,18,3,4,2,7,15,16,18
284716,10,27,14,26,16,9,20,2,20,1
57494,27,8,10,29,6,27,14,23,26,4
22999,10,3,19,26,16,9,20,2,3,1
9699,1,27,5,1,10,13,20,26,20,17
6015,7,18,17,14,17,25,9,0,6,20
83732,27,18,17,1,17,25,9,0,9,10
55781,2,12,22,22,8,21,29,4,5,14
8780,0,4,6,29,17,0,10,25,11,0
8737,24,21,21,20,28,23,8,16,13,24
8767,10,3,19,26,4,9,7,15,3,18
6016,3,5,10,17,6,10,28,5,8,16
6018,19,3,18,3,4,2,7,15,16,18
51132,0,25,1,13,22,0,12,6,22,1
51115,19,3,18,3,4,2,7,15,16,18
55177,7,1,26,0,10,27,9,12,9,0
80010,3,4,17,24,7,27,19,12,6,10
116028,10,3,8,26,16,9,27,2,3,1
55005,10,27,19,1,16,9,20,2,20,1
64795,29,8,6,17,6,12,0,23,11,4
64777,28,0,6,29,27,27,12,23,11,28
246243,10,15,14,26,1,9,20,2,3,1
10535,20,6,26,18,22,4,12,21,0,2
79621,11,22,21,5,28,19,8,25,14,24
84153,29,29,1,13,26,11,27,10,24,6
8635,19,3,8,3,16,2,7,2,20,18
8153,0,25,5,29,22,13,12,26,20,17
390,20,10,29,17,2,3,6,21,8,8
9921,19,3,8,3,4,2,7,15,3,18
26994,19,3,18,3,4,2,7,15,16,18
54778,11,27,14,20,1,11,27,2,20,6
7737,23,15,5,1,1,9,20,11,20,9
55905,22,10,6,18,19,12,28,21,26,16
27246,18,11,13,1,25,23,12,22,25,24
79845,9,26,9,11,13,22,18,14,4,11
55658,19,3,18,3,4,2,7,15,16,18
11342,7,4,26,20,7,25,9,6,1,20
55819,22,0,29,2,6,10,14,16,8,10
51444,24,21,21,1,28,19,26,25,14,24
11236,19,3,18,3,4,2,7,15,16,18
9604,19,3,8,3,4,2,7,15,16,18
50862,22,5,17,27,7,25,3,13,8,20
153830,27,15,5,1,22,28,9,11,0,0
81847,1,1,26,1,22,13,9,26,9,0
284996,5,18,10,0,9,7,28,5,8,16
57484,5,24,2,8,14,6,22,1,28,2
114804,7,15,5,1,22,19,12,11,0,17
494470,20,6,2,8,2,6,6,1,28,2
26001,1,27,5,26,22,25,9,2,20,9
165918,19,3,8,3,4,2,7,15,16,18
254225,28,1,26,27,22,13,9,26,9,10
81790,9,9,0,11,13,22,15,9,4,11
51255,28,2,6,24,27,10,19,13,8,28
149603,1,11,13,12,25,1,21,28,25,29
25897,10,27,19,26,16,9,20,2,3,1
6045,28,4,28,29,22,3,9,13,6,28
56254,24,21,21,10,28,23,11,22,13,24
57674,16,17,20,6,23,29,23,18,18,21
257160,0,4,26,1,22,0,10,26,0,17
54476,19,3,18,3,4,2,7,15,16,18
441191,23,27,19,1,10,9,9,2,3,1
79596,10,29,19,13,26,11,27,10,20,6
55182,19,3,8,3,4,2,7,15,16,18
11237,7,0,26,24,27,3,3,12,6,28
79102,1,25,14,4,0,0,10,6,22,17
140545,23,4,26,29,10,28,9,6,9,17
80196,19,29,8,26,16,2,27,10,20,6
152006,14,16,3,23,20,15,2,27,10,27
9810,19,29,8,26,4,2,27,15,16,18
10193,1,25,4,20,10,28,12,26,20,17
22838,14,7,3,23,14,26,11,19,17,26
6048,5,0,10,2,6,27,14,12,26,28
6049,10,1,14,26,10,25,20,2,3,1
9616,19,3,18,3,4,2,7,15,16,18
9025,10,29,8,3,16,2,27,10,3,6
8732,7,22,28,20,22,13,8,21,0,2
6050,15,9,22,25,12,5,29,4,23,14
8731,10,3,19,3,16,2,20,2,3,18
55599,11,21,21,5,28,19,26,25,14,24
6051,8,11,13,12,25,1,25,17,25,29
10921,10,15,14,1,1,9,20,2,3,1
6091,0,25,14,29,22,0,10,26,0,17
6092,17,23,15,16,24,18,4,29,12,5
6093,20,6,2,18,2,4,6,21,28,2
9475,29,29,19,14,26,11,9,10,20,6
79641,10,3,8,3,16,9,27,10,20,6
140823,29,8,1,13,26,11,0,23,24,4
6095,11,22,12,20,1,19,26,28,1,9
6100,1,1,5,1,22,13,9,28,1,9
6117,0,25,4,4,0,0,10,26,22,19
6118,28,4,28,27,0,28,9,26,9,28
6119,19,3,18,3,4,2,7,15,16,18
84268,19,3,8,26,16,9,7,2,16,18
79871,8,11,26,12,25,1,21,17,25,29
79657,29,29,1,13,26,11,0,10,24,6
6120,5,18,10,0,27,12,3,12,15,10
80135,19,3,18,3,4,2,7,15,16,18
84154,29,8,1,13,26,11,0,23,24,4
6103,1,4,12,26,22,9,0,10,0,17
23322,2,24,29,19,9,5,1,5,17,22
22934,22,2,29,2,15,24,13,8,15,8
6184,19,3,18,3,4,2,7,15,16,18
6185,19,3,18,3,4,2,7,15,16,18
11102,26,20,9,7,13,14,16,20,29,11
138716,24,21,21,5,27,23,8,22,13,26
10556,1,25,5,27,22,13,12,6,11,17
10557,9,26,9,22,8,8,15,19,7,14
55197,2,24,16,17,3,7,13,3,17,16
58490,27,2,11,24,15,12,1,16,15,16
23248,1,1,5,27,7,28,14,21,9,28
285367,10,3,8,3,16,9,7,15,16,18
10670,23,15,14,1,10,0,26,28,3,9
10325,0,25,4,4,0,0,10,26,22,19
58528,23,21,21,20,1,19,26,6,1,9
22800,11,22,21,20,28,19,9,6,0,9
6238,0,4,4,4,0,0,12,26,11,17
6240,11,15,14,1,10,9,20,11,20,1
50484,19,3,18,3,4,2,7,15,16,18
54700,5,8,29,17,6,7,0,3,15,4
8568,1,4,5,29,17,27,9,6,24,4
51018,10,27,14,1,16,9,27,2,3,1
23076,16,17,20,6,23,29,23,18,18,21
88745,10,15,8,26,16,9,27,2,20,6
27341,22,5,6,2,6,7,14,16,26,8
23378,23,15,19,26,16,9,20,11,20,1
54665,21,6,2,8,2,6,6,1,28,12
222194,2,12,6,17,15,26,1,3,19,22
51773,23,25,14,1,22,13,10,26,9,17
26156,5,5,26,24,15,12,19,8,6,23
51187,5,5,29,2,27,12,13,3,17,16
89765,1,1,26,29,17,25,9,22,0,0
83861,1,1,14,1,10,13,9,26,1,17
340419,27,18,10,17,19,12,3,13,6,23
89970,10,29,8,13,16,9,27,10,3,1
51319,11,22,21,20,1,13,26,28,1,9
65117,5,5,6,0,7,27,28,12,11,28
57035,16,17,20,6,23,10,23,18,18,21
6251,3,4,10,24,7,3,19,12,6,0
8634,19,3,18,26,4,2,7,15,16,18
51493,29,8,1,13,26,11,0,10,24,6
23168,5,5,6,24,19,10,28,13,8,8
51507,9,9,23,9,21,5,15,14,23,14
6252,19,3,19,26,4,2,7,2,16,18
10313,29,29,19,13,26,11,0,23,24,4
57142,12,13,24,28,18,16,17,7,27,7
80230,10,29,19,13,16,11,27,10,24,6
55680,10,29,14,26,16,9,27,10,20,6
22902,3,6,2,24,19,24,1,5,8,8
146923,11,22,21,5,28,19,26,25,13,9
862,27,25,26,27,10,13,9,11,9,17
23623,10,3,8,3,4,2,7,15,16,18
8607,24,22,26,29,28,28,28,25,6,20
10856,23,21,21,29,22,23,14,28,9,0
51389,10,29,19,13,26,11,27,10,24,6
112611,29,8,6,0,22,11,0,23,11,4
201965,11,22,12,20,1,19,26,6,14,9
6256,1,4,14,1,0,13,10,6,9,28
23429,1,4,28,29,25,25,14,16,9,20
6259,19,3,8,3,4,2,7,15,16,18
6281,19,29,8,26,16,9,27,10,3,6
6284,23,27,5,26,22,9,9,11,3,17
64766,8,11,13,12,25,1,25,17,25,29
113174,0,1,4,4,0,27,14,23,11,4
22908,5,0,6,0,19,27,28,12,11,28
26278,1,27,14,1,22,25,9,28,0,9
10055,0,4,4,29,22,27,10,6,11,0
6294,25,6,2,8,14,6,29,1,28,22
9667,10,27,19,26,16,9,20,2,20,1
6297,23,15,19,29,10,13,9,6,1,17
57167,11,22,14,20,22,13,26,28,1,9
401474,23,27,14,26,1,9,20,6,14,9
55095,19,3,18,3,4,2,7,15,16,18
25813,2,12,16,19,21,21,18,14,23,3
79595,19,3,8,3,4,2,7,15,16,18
10284,29,15,5,29,17,19,0,11,24,4
8819,1,15,5,20,10,13,10,6,0,0
29115,10,27,8,26,16,9,20,11,3,1
56681,29,8,1,17,6,7,0,23,26,4
51128,21,28,23,22,9,8,29,19,2,14
51669,21,7,29,22,9,26,1,5,2,12
9092,14,16,3,23,20,15,2,27,10,27
9733,19,3,18,3,4,2,7,15,16,18
23328,10,27,14,13,16,9,27,11,3,6
163786,19,3,18,3,4,2,7,15,16,18
6303,19,3,18,3,4,2,7,15,16,18
112483,10,15,19,26,10,9,20,2,20,1
6304,28,6,2,18,2,4,6,21,28,2
60485,23,27,14,1,1,9,20,2,20,1
51119,21,7,2,10,2,23,6,22,28,26
155370,29,29,1,13,26,11,27,10,24,6
6305,3,0,10,27,6,3,22,13,11,28
81846,26,9,7,11,5,22,24,9,4,15
388228,7,1,26,27,19,13,9,13,9,20
55206,11,27,19,26,1,13,20,28,20,17
6309,23,27,14,1,1,28,20,28,1,1
9169,6,24,29,19,9,26,1,5,19,22
57466,11,22,21,20,1,19,10,6,1,9
22828,26,26,9,7,5,22,16,20,4,15
286205,23,27,14,20,10,25,26,28,9,9
9522,20,6,2,18,2,4,6,21,28,2
10066,21,12,22,22,12,21,29,19,2,3
10067,27,1,26,27,17,13,9,11,9,20
51282,3,1,6,27,22,10,12,12,9,28
54581,11,27,19,26,10,13,20,28,3,1
22937,3,7,16,27,9,3,22,5,19,23
49855,11,27,5,1,1,9,20,6,20,9
950,10,3,19,3,16,2,7,15,3,18
51097,1,27,26,20,10,28,9,26,20,17
6319,19,3,18,3,4,2,7,15,16,18
79966,10,3,18,3,16,9,20,2,16,1
23256,10,29,1,13,16,9,27,10,20,6
29106,1,1,5,29,22,28,9,0,0,4
6447,5,10,10,29,19,3,28,22,13,10
29970,28,0,10,24,27,27,28,5,19,8
132320,19,3,18,3,4,2,7,15,16,18
6322,23,27,5,1,22,28,9,11,20,9
10389,19,3,18,3,4,2,7,15,16,18
55800,6,10,16,25,9,20,1,24,19,23
79005,1,1,28,27,22,13,12,26,9,17
6341,29,8,1,13,26,11,0,23,24,4
60592,23,15,5,1,22,25,9,2,20,1
6342,10,3,8,3,16,2,7,15,16,18
59342,11,27,14,26,1,9,20,2,20,1
9805,20,6,2,10,2,26,3,22,28,26
90507,28,1,26,27,6,3,9,13,6,20
79634,16,17,20,6,23,29,23,18,18,21
222663,24,22,21,20,1,19,26,25,14,24
57410,23,25,14,4,0,0,20,11,20,1
55681,26,20,0,11,29,14,5,9,21,11
55153,18,11,13,12,25,1,21,17,25,29
6383,8,5,10,24,27,27,25,12,26,8
6385,10,27,8,26,16,9,20,2,20,1
6386,6,10,10,24,14,3,1,3,17,12
10806,10,27,19,26,16,9,20,2,3,1
163859,6,2,10,2,27,7,13,5,15,8
6388,10,3,8,26,4,2,7,15,16,18
23753,19,3,18,3,4,2,7,15,16,18
51150,1,27,4,18,1,9,10,26,20,0
6389,10,15,19,13,16,11,27,10,20,6
54949,3,0,28,29,17,27,14,13,11,10
57001,24,21,21,20,28,23,8,25,14,24
135154,24,22,21,5,28,19,8,25,13,24
6390,23,27,14,26,16,9,20,28,3,1
6391,19,3,18,3,4,2,7,15,16,18
6392,19,3,8,26,4,9,7,2,3,18
54549,10,27,19,26,16,9,20,2,20,1
56948,11,15,21,1,1,19,26,28,1,9
113675,29,8,1,29,26,0,0,23,24,4
23478,11,21,12,20,28,19,26,25,1,9
90701,29,8,1,13,26,11,0,23,24,4
6396,7,0,17,27,7,13,9,12,6,10
6397,28,1,6,27,7,27,14,13,6,0
9919,19,3,18,3,4,2,7,15,16,18
9554,19,3,18,3,4,2,7,15,16,18
9117,24,22,21,5,28,23,8,25,13,24
10484,1,1,6,29,25,13,10,6,9,28
10483,19,3,18,3,4,2,7,15,16,18
11196,18,1,6,29,22,13,21,23,9,28
10802,27,18,17,29,15,25,14,11,9,0
10427,16,17,20,6,23,29,23,18,20,21
9871,22,10,11,14,27,24,22,8,19,23
22872,19,3,18,3,4,2,7,15,16,18
29927,1,4,28,29,17,13,9,6,9,17
55176,1,25,4,4,22,13,10,6,22,19
10952,0,4,28,4,10,13,12,6,22,17
23480,11,22,12,20,1,19,26,28,1,9
7095,23,3,8,26,16,9,20,2,20,1
11231,27,1,28,29,25,28,12,6,0,17
79048,5,5,29,0,6,24,28,23,8,8
9728,8,11,13,12,11,1,25,17,13,26
6400,10,15,5,1,16,9,20,2,3,6
8991,19,3,8,3,4,2,7,15,16,18
9403,28,18,10,0,27,12,28,23,8,16
280636,1,25,26,4,22,28,10,26,9,17
85465,1,4,17,29,10,25,9,6,0,20
58515,11,27,5,26,1,13,20,28,3,9
140606,10,15,5,26,10,9,20,2,3,1
57190,27,1,14,1,7,13,9,6,9,0
6414,11,22,12,5,10,19,8,25,1,24
55829,23,27,8,26,10,13,9,28,0,9
51714,10,29,8,26,16,2,27,10,20,6
6415,23,27,19,1,16,9,20,2,3,1
10512,20,7,16,8,2,6,6,19,17,12
54910,27,1,5,1,22,19,26,11,11,0
10507,15,12,11,19,14,26,18,14,2,22
57556,21,7,23,22,11,20,25,19,7,26
80031,2,2,11,19,3,26,13,24,15,8
29843,19,3,18,3,4,2,7,15,16,18
59343,11,22,21,5,28,13,8,25,13,24
205564,11,21,12,20,10,28,12,11,14,17
26054,1,15,26,1,22,25,9,28,1,20
57337,10,3,8,26,4,9,7,15,16,18
22929,14,16,3,23,20,15,11,27,10,27
22928,25,26,0,11,8,5,15,20,5,3
51091,28,1,6,29,7,27,28,12,8,10
151011,8,11,13,10,25,1,25,17,25,29
55752,10,3,8,26,16,9,20,2,3,18
55964,28,18,26,29,27,27,9,13,6,10
989,1,4,5,27,22,13,10,11,9,17
10801,1,15,26,20,10,13,9,11,0,17
26135,18,25,14,18,25,1,21,11,0,17
10169,9,26,0,7,13,22,16,4,4,11
57515,10,15,14,26,16,9,20,2,3,1
347735,20,6,2,18,6,1,28,21,25,2
10955,5,8,6,17,19,10,0,23,26,4
256987,11,27,14,26,1,9,26,11,3,9
27230,28,5,17,24,27,20,3,13,26,10
5269,0,25,4,4,0,0,12,26,22,19
5270,27,1,5,1,17,25,26,11,0,20
5176,27,18,26,29,27,25,14,0,0,10
710,11,22,21,18,28,13,26,25,1,24
871,20,6,2,8,2,6,6,1,28,2
9792,10,29,8,26,16,9,20,2,20,1
29946,10,29,8,3,16,2,27,15,3,18
400120,20,24,2,8,19,6,6,24,28,2
27244,20,6,2,8,2,6,28,1,28,2
143686,27,18,17,14,15,25,9,0,6,20
91404,16,17,20,6,23,29,23,18,18,21
6418,21,9,16,25,12,21,29,4,2,12
26040,20,6,2,18,2,4,6,21,28,2
29072,22,10,10,24,6,7,14,23,8,8
84193,20,10,29,10,9,20,1,16,15,8
54093,19,3,18,3,4,2,7,15,16,18
55209,10,29,19,13,16,11,20,10,24,6
80854,23,15,5,20,22,13,9,11,1,0
9869,7,4,4,27,0,28,10,26,22,17
83852,9,9,9,9,8,5,15,14,4,11
6419,0,25,4,4,0,0,10,6,22,19
23064,23,27,5,1,22,13,9,6,0,0
23544,19,3,18,3,4,2,7,15,16,18
26470,2,10,16,19,3,24,1,16,19,8
7536,23,27,14,26,10,9,20,11,0,17
10291,28,5,28,24,7,3,3,12,6,2
8175,23,27,19,1,1,28,20,28,1,9
10946,19,3,8,3,4,2,7,15,16,18
23451,1,27,14,1,1,9,26,28,1,9
10992,10,15,14,1,16,9,20,2,3,1
23450,10,3,8,26,16,9,7,2,3,18
10262,5,0,28,0,7,27,19,13,0,28
83443,10,29,19,13,16,11,27,10,20,6
51639,11,21,21,20,28,19,26,28,14,24
9814,1,25,4,4,22,28,12,11,22,19
6421,1,27,26,29,22,13,9,6,9,17
119392,4,20,7,7,13,14,5,9,21,25
6422,1,15,14,26,10,13,10,6,22,17
6433,28,4,14,27,10,28,9,26,3,17
113402,1,25,26,29,22,13,10,26,22,17
375035,6,2,29,2,14,20,13,5,19,16
94081,23,22,14,20,10,25,9,0,0,20
119559,20,6,26,18,19,10,14,13,28,2
6443,6,10,29,17,6,7,22,3,26,8
8910,14,7,22,23,12,26,24,14,7,14
112869,5,2,29,0,9,3,22,13,8,8
151246,5,10,6,2,19,7,28,5,11,19
8879,19,3,18,3,4,2,7,15,16,18
9905,0,25,14,4,0,0,20,2,22,19
27352,18,22,13,12,25,1,21,17,13,24
6449,11,15,14,1,1,19,26,28,1,9
54557,28,18,17,14,15,3,19,13,6,10
25970,10,3,8,3,16,2,27,10,3,6
6451,23,15,5,26,16,13,20,2,3,1
83699,23,27,19,20,16,9,20,2,20,1
83442,28,25,14,27,22,13,10,26,22,17
23677,7,18,5,1,17,25,9,0,0,10
51100,0,27,26,4,22,13,12,6,0,17
30011,11,22,14,20,1,19,26,28,1,20
9644,11,27,19,20,1,9,26,28,1,9
285590,5,5,29,2,6,27,22,13,8,8
57630,11,22,6,20,28,19,26,23,1,9
22941,19,3,18,3,4,2,7,15,16,18
6464,10,27,5,26,1,28,26,2,20,1
25759,3,24,16,25,9,7,22,3,17,8
7979,11,27,12,1,28,25,8,11,1,20
6469,10,15,19,26,16,9,20,2,3,1
51246,7,1,26,29,25,25,12,13,0,0
92799,11,22,12,20,1,19,8,28,14,9
6470,5,0,10,2,6,27,14,5,19,16
6472,19,29,8,26,16,2,27,10,3,6
8036,24,22,12,5,28,4,12,25,13,28
257218,23,27,14,1,1,9,20,28,20,1
55164,10,4,14,26,16,9,20,2,20,1
57619,19,3,18,3,4,2,7,15,16,18
57698,19,3,18,3,4,2,7,15,16,18
6477,11,27,5,1,1,19,9,28,1,9
6478,5,5,10,14,19,3,28,5,11,10
10280,29,8,1,10,19,27,11,23,26,4
23235,10,29,8,13,16,11,27,10,3,1
23387,12,13,24,28,18,16,17,7,27,7
80143,8,11,13,12,25,1,25,17,25,29
64374,27,5,26,27,17,25,19,12,9,10
6492,6,2,17,14,6,12,3,12,26,16
6493,20,15,14,18,22,4,12,21,28,0
375484,19,3,18,3,4,2,7,15,16,18
25942,17,23,15,16,24,17,4,29,12,5
26037,16,17,20,6,23,29,23,18,18,21
57568,19,3,8,3,4,2,7,15,3,18
23411,10,15,8,26,16,9,20,2,3,1
22933,3,18,16,10,11,23,25,22,25,26
23408,2,2,11,2,14,7,18,3,19,22
51548,27,4,17,27,7,25,8,25,6,24
10572,10,15,19,26,16,9,27,2,3,1
348235,11,22,5,20,1,19,26,28,14,9
8935,29,8,1,13,26,11,0,23,24,4
387640,1,27,14,1,10,9,20,11,0,17
6498,19,3,18,3,4,2,7,15,16,18
6499,10,27,8,26,16,9,20,2,3,1
23517,28,0,28,10,27,23,11,22,9,0
6500,2,2,23,25,9,20,29,14,17,14
6502,10,15,19,26,16,9,20,2,20,1
57606,24,21,12,5,28,1,21,25,13,24
7884,3,5,28,10,27,27,28,16,6,10
4891,22,18,11,14,14,12,22,8,19,23
6558,3,18,28,10,27,12,19,22,19,26
9990,15,12,9,25,3,5,29,4,2,14
6566,10,15,14,1,16,9,20,2,20,1
151473,11,27,12,20,1,13,26,6,1,9
6567,10,3,5,26,16,9,20,2,20,1
9123,16,17,20,6,23,29,23,18,18,21
220963,24,22,21,20,28,19,8,25,1,24
26503,27,5,10,0,7,10,28,13,8,2
6570,10,3,8,3,4,2,7,15,3,18
116843,10,3,19,3,4,9,7,15,3,18
10560,11,15,5,5,7,19,9,28,14,9
6574,0,25,4,4,0,0,12,6,22,19
51310,19,3,8,3,4,2,7,15,3,18
5002,24,21,3,10,28,23,11,22,13,26
9187,29,15,5,1,10,13,10,26,0,17
6576,11,22,21,1,1,19,26,28,14,9
8402,11,21,12,5,1,19,26,11,13,9
8604,10,15,19,20,16,9,20,11,24,1
10165,10,15,8,26,16,11,27,10,3,6
9016,24,22,21,5,28,19,8,25,13,24
8034,11,27,5,1,1,9,26,11,1,9
10478,5,5,10,0,6,3,3,12,11,8
29957,28,4,26,20,10,13,10,11,11,0
115286,11,22,21,20,1,19,26,28,1,9
9481,10,3,8,26,16,9,7,2,3,1
123096,11,27,19,26,1,9,20,2,3,1
5250,27,8,6,14,17,28,14,23,8,20
81034,20,6,2,8,2,10,6,21,28,2
55186,10,29,1,13,26,11,27,10,20,6
51312,27,4,26,1,17,25,9,2,3,17
54977,10,3,8,3,4,2,7,15,16,18
51629,19,3,18,3,4,2,7,15,16,18
291,17,23,15,16,24,18,4,29,12,5
91137,23,15,14,26,16,28,20,11,20,1
292,29,8,1,13,26,11,0,23,24,4
293,10,3,8,3,4,2,7,2,16,18
284129,11,22,21,5,1,19,26,28,14,9
2030,11,21,12,1,10,19,26,28,1,9
6513,29,27,5,26,17,13,12,26,9,17
66035,3,5,6,0,27,10,19,13,8,8
114134,11,21,21,20,1,19,26,28,1,24
6515,0,25,14,1,0,0,10,26,22,17
56731,11,27,5,26,1,9,20,2,3,1
148867,12,13,24,28,18,16,17,7,27,7
10463,11,15,14,29,1,25,26,28,1,9
1317,10,27,18,3,16,9,20,2,3,1
9197,10,27,19,26,10,2,20,2,3,1
23443,5,5,6,10,6,3,11,25,26,23
113829,12,13,24,28,18,16,17,7,27,7
55032,1,22,28,18,10,4,12,21,14,28
10237,19,3,18,3,4,2,7,15,16,18
347734,1,27,14,1,1,19,26,28,0,17
51000,28,4,14,27,22,28,12,26,11,17
84912,19,3,18,3,4,2,7,15,16,18
51006,5,10,29,17,6,7,0,23,26,4
23169,11,27,19,20,1,9,26,28,20,9
11046,19,3,18,3,4,2,7,15,16,18
79939,15,12,16,19,8,24,18,14,17,22
55508,20,21,2,10,7,23,11,22,0,26
80255,2,12,22,19,3,24,22,3,17,3
159371,7,1,19,26,17,25,19,0,0,20
54020,10,15,19,3,16,9,20,2,20,1
84255,10,27,19,26,16,9,20,2,3,1
2542,19,3,8,3,4,2,7,15,16,18
81539,10,15,19,1,16,9,20,2,20,1
54407,5,8,29,2,6,7,28,3,15,4
55238,9,26,9,11,5,22,15,4,4,25
27173,19,3,8,3,4,2,7,15,16,18
57181,23,27,19,26,16,13,20,2,3,6
29985,19,3,18,3,4,2,7,15,16,18
25800,19,3,18,3,4,2,7,15,16,18
7922,19,3,18,3,4,2,7,15,16,18
64116,24,21,12,5,27,10,8,25,13,24
55334,28,0,4,29,19,10,14,13,26,28
6520,10,3,8,3,16,9,7,2,3,18
254428,10,29,8,3,16,9,27,2,3,1
54946,19,3,18,3,4,2,7,15,16,18
124935,24,22,21,20,28,19,8,25,13,24
23446,1,18,26,29,10,25,10,26,0,17
57153,11,15,14,20,1,19,26,28,14,9
22950,0,27,14,1,1,9,10,11,20,17
9497,1,1,26,29,22,25,11,6,0,17
79581,23,15,14,1,10,28,26,6,14,9
6526,23,29,8,26,16,9,27,2,3,1
8884,15,12,23,19,3,8,24,14,2,14
6535,24,5,21,10,27,23,3,22,13,23
23657,7,18,17,14,15,25,19,8,6,20
6542,1,27,14,1,10,9,20,10,20,0
84138,10,3,19,26,16,2,27,15,3,18
9368,15,24,29,19,9,20,1,3,17,22
84250,28,0,6,14,17,12,28,13,11,19
55719,7,1,17,14,15,25,9,0,0,0
162394,1,27,14,1,10,0,20,26,3,17
81892,23,15,5,26,16,9,20,28,3,1
6585,16,17,20,6,23,29,23,18,18,21
9353,11,27,5,20,1,9,9,11,1,9
26050,10,15,8,26,16,9,20,2,3,1
9748,23,27,19,18,16,9,20,2,20,17
7871,11,22,12,5,28,19,26,25,14,9
79811,23,27,5,29,10,25,9,26,9,17
10569,11,22,14,20,1,19,26,28,1,9
128710,23,15,14,1,10,13,26,6,1,17
4086,3,0,10,2,6,3,19,16,8,28
4087,23,15,5,20,22,13,9,6,1,17
4088,23,15,5,14,22,25,9,0,6,17
4089,17,23,15,16,24,18,4,29,12,5
4090,28,1,26,29,17,3,19,26,9,20
4093,10,15,1,13,26,11,27,10,3,6
60682,9,9,23,25,12,22,15,14,2,14
64744,16,17,20,6,23,29,23,18,18,21
6594,10,29,8,1,16,9,27,2,20,18
6597,10,29,5,26,26,11,27,10,3,1
8467,1,27,5,26,10,13,20,28,0,17
56916,19,27,19,3,16,9,20,2,3,1
6598,11,15,12,20,1,19,26,28,14,9
6599,23,29,14,13,10,28,27,10,20,6
6601,9,28,23,11,5,8,24,20,29,11
6602,23,27,4,4,0,0,20,2,22,19
6605,10,3,8,3,16,9,7,2,16,1
8243,1,27,5,20,1,28,10,28,1,9
10592,28,4,28,0,17,3,14,13,26,4
9126,10,29,14,13,16,9,27,10,20,6
10051,24,22,21,5,28,19,8,25,14,24
23137,1,27,5,26,10,9,20,11,20,17
79677,1,22,12,1,7,19,10,26,14,9
23347,11,15,12,1,1,19,26,11,14,9
56935,19,3,8,3,4,2,20,15,16,1
91689,11,22,12,20,1,19,26,28,1,9
23049,3,0,10,10,27,27,14,22,11,28
23293,5,5,29,24,19,20,28,16,6,16
9887,14,7,3,23,6,12,11,27,15,27
113444,29,29,14,13,26,11,27,10,24,6
201895,28,4,26,27,22,28,14,26,0,28
114926,27,18,17,27,19,27,19,16,26,0
389203,10,29,8,26,16,9,27,10,3,6
440957,22,18,10,24,27,10,3,13,6,8
79086,19,3,18,3,4,2,7,15,16,18
57150,29,8,10,17,7,11,12,23,11,4
10285,19,3,18,3,4,2,7,15,16,18
6609,22,18,17,27,15,25,19,0,6,20
6610,12,13,24,28,18,16,17,7,27,7
10924,23,15,14,26,17,13,20,11,3,1
6611,10,27,5,26,16,9,20,11,20,1
55234,1,27,5,26,10,9,20,2,24,1
23583,7,4,6,0,7,3,19,12,6,10
64750,7,1,28,20,7,28,12,12,9,17
56950,27,4,17,14,15,25,9,0,9,10
64754,7,27,21,1,10,28,26,28,1,9
114826,29,4,6,29,10,9,0,23,0,17
6591,10,15,19,26,10,9,27,2,20,1
9342,27,18,17,14,15,25,19,0,6,16
116841,19,3,8,26,16,2,20,2,3,1
6617,5,10,11,2,19,20,3,5,8,8
6619,2,2,11,2,14,3,3,24,26,23
10302,23,15,5,20,22,25,9,11,0,17
23557,10,3,8,3,4,9,7,2,3,18
6622,5,10,16,2,9,7,22,16,8,16
27044,23,15,14,1,1,9,20,11,14,1
11267,11,15,14,1,1,9,26,11,1,9
23642,11,22,14,20,17,19,26,11,14,9
128439,2,24,29,25,12,21,13,24,2,22
85028,9,9,9,7,13,8,16,4,29,15
8420,24,22,21,20,28,13,26,28,1,9
387066,3,0,16,10,27,23,28,22,26,26
641638,10,15,14,26,16,9,20,2,3,1
100093630,14,21,3,23,28,19,11,25,14,24
79753,6,2,16,2,9,21,13,24,15,12
8303,5,10,10,17,19,10,28,16,26,8
23020,18,11,6,29,25,1,14,17,26,29
79622,10,29,14,26,16,9,20,2,20,1
11017,23,22,5,29,22,28,9,6,1,0
11066,6,2,10,0,6,20,28,5,17,16
9410,3,1,28,14,17,12,12,12,9,20
154007,19,3,18,3,4,2,7,15,16,18
6625,11,27,5,20,1,19,26,11,3,9
6626,5,5,29,0,19,7,28,3,8,16
6627,16,17,20,6,23,29,23,18,18,21
6628,1,18,26,29,7,28,12,11,0,0
6629,1,1,4,27,22,28,10,11,0,17
6631,6,24,11,25,9,21,29,19,2,22
6632,1,1,5,26,10,13,10,26,20,17
6633,7,18,29,29,7,12,28,16,11,29
6634,10,3,8,3,4,2,7,15,3,18
6635,10,27,5,26,16,9,20,2,3,1
6636,29,8,10,0,19,7,0,23,11,4
6637,10,3,8,26,4,2,7,2,3,18
6638,7,8,28,0,27,27,14,13,26,28
4809,10,27,5,26,16,9,20,2,3,1
22938,10,27,8,26,16,9,20,2,20,1
6642,24,22,21,5,28,19,8,25,13,24
29887,29,8,6,0,26,7,0,23,26,4
29934,11,22,21,5,28,19,26,28,14,9
23161,19,3,8,26,16,9,20,2,20,1
57231,20,6,2,18,2,4,6,21,28,2
9784,10,15,14,26,16,9,20,2,3,1
399979,28,0,26,27,7,25,19,13,9,10
6643,11,27,5,1,1,9,10,11,0,17
28966,1,15,26,18,10,4,20,21,20,17
81609,10,29,8,4,16,2,27,10,20,1
8724,24,21,26,12,7,13,11,12,14,0
401548,10,3,19,3,4,2,7,15,16,18
8723,10,15,8,26,16,9,20,2,20,1
27131,10,29,1,26,16,2,27,10,3,6
58533,19,3,8,3,16,2,7,15,16,18
51375,11,27,19,20,1,9,26,28,1,9
51429,1,15,14,29,10,9,10,26,20,17
55084,23,15,14,1,16,28,20,6,3,1
122809,10,27,19,26,16,9,20,2,3,1
9306,10,29,1,13,26,11,27,10,24,6
30837,29,29,1,13,26,11,27,6,24,6
6647,1,4,28,29,7,13,9,26,20,0
6648,1,27,14,26,16,9,20,2,20,1
6651,10,15,14,26,16,9,20,2,20,1
8470,12,5,28,2,19,12,3,16,27,16
6653,29,29,1,13,26,11,27,10,20,6
6272,11,27,12,20,1,9,20,28,1,9
6654,10,3,19,3,16,9,20,2,3,1
6655,23,15,5,1,22,9,20,2,20,1
6664,6,24,16,25,9,12,1,24,17,8
6666,19,3,8,3,4,2,7,15,16,18
6657,6,10,16,17,6,7,28,24,15,8
11166,10,27,5,26,10,9,20,2,20,1
6659,5,0,6,24,6,7,19,13,15,10
6660,8,11,13,12,11,1,25,16,25,29
55553,24,21,12,5,28,23,8,25,13,24
6662,27,18,17,27,6,23,28,22,8,26
6667,23,15,8,26,16,9,20,2,20,1
6670,29,4,26,0,22,13,20,26,9,4
6671,21,24,23,8,14,6,29,1,7,12
53340,0,27,5,1,16,0,20,11,3,1
6674,19,3,18,3,4,2,7,15,16,18
79582,2,2,11,19,9,12,13,5,15,16
6676,7,15,17,14,22,13,9,6,9,20
9552,20,6,26,18,22,4,10,21,0,2
9043,1,27,5,26,10,9,10,2,3,17
6678,19,3,8,3,4,2,7,15,16,18
6683,11,22,5,20,1,19,26,28,1,9
221178,7,4,26,29,22,28,9,26,0,17
128153,28,21,16,10,27,23,11,22,26,26
64847,19,3,18,3,4,2,7,15,16,18
124045,0,25,14,13,0,28,10,26,22,17
166378,10,29,19,26,16,9,20,2,3,1
54558,11,15,14,20,10,13,26,28,14,9
55812,2,24,23,22,8,5,29,14,5,22
84221,10,29,8,3,16,9,27,2,3,18
65244,2,18,11,14,15,24,13,5,15,16
26010,1,4,21,20,1,28,26,6,1,9
28972,23,27,5,26,22,13,10,26,0,17
9789,19,3,18,3,4,2,7,15,16,18
653566,19,15,19,26,16,9,7,2,3,1
60559,29,29,1,13,26,11,27,10,24,6
54908,10,3,18,3,4,2,7,15,16,18
92521,7,18,17,17,7,25,19,0,6,20
79925,5,2,29,17,6,7,13,5,8,8
23013,10,27,14,26,16,9,20,2,3,1
80208,5,0,10,17,19,27,14,5,26,16
23111,0,25,4,4,0,0,12,26,22,19
51324,6,10,29,17,14,7,28,24,26,8
6687,25,6,2,8,2,6,6,1,28,2
152185,29,29,14,13,26,11,20,10,24,1
23514,27,5,17,29,27,25,3,13,9,20
10927,10,27,8,26,16,9,20,2,3,1
474343,10,15,8,26,16,9,27,2,20,1
139886,1,21,6,29,7,4,14,21,11,28
11005,23,27,19,4,16,0,20,2,20,1
10653,19,3,18,3,4,2,7,15,16,18
56907,20,6,2,8,2,6,6,1,28,2
6695,23,27,8,26,16,9,20,2,3,1
10418,8,11,13,12,25,23,21,22,25,29
8405,10,3,8,26,16,9,27,2,3,18
339745,19,3,8,3,4,2,7,15,16,18
51490,10,29,1,13,16,11,27,10,24,6
84888,12,13,20,6,18,16,17,18,18,21
56928,10,29,19,26,16,9,27,2,20,6
121665,5,18,28,29,15,10,28,0,8,0
161742,10,29,8,1,16,11,27,10,3,6
83932,29,29,1,13,26,11,27,10,24,6
10252,10,27,19,26,16,9,27,2,3,1
10253,10,27,5,1,16,9,20,2,20,1
57213,11,15,5,1,1,13,20,28,1,9
90864,25,9,23,22,21,22,24,19,7,14
6709,10,15,19,1,16,9,27,10,3,6
6711,0,1,26,4,22,0,14,26,11,0
9517,22,18,11,14,15,24,22,8,8,23
171546,11,27,12,20,1,19,26,28,1,9
144108,23,15,5,1,22,13,10,26,20,0
6713,12,13,24,28,18,16,23,7,18,7
8878,14,16,27,15,20,15,2,27,10,27
10011,11,21,12,18,28,23,11,21,1,0
55133,21,24,2,8,14,6,22,24,17,2
140890,11,22,21,5,28,28,8,25,13,24
285672,0,0,6,4,19,0,19,13,11,19
6722,0,25,6,4,0,27,12,13,22,19
153443,19,3,18,3,4,2,7,15,16,18
57522,10,27,14,1,16,9,20,2,20,1
23380,0,25,4,4,0,0,12,26,22,19
9901,8,11,4,12,25,1,21,17,25,29
6717,24,21,3,10,7,23,11,22,0,0
6723,0,25,4,4,0,0,10,26,22,19
6727,3,7,3,10,27,23,11,22,26,26
6728,1,25,4,26,10,9,10,11,22,17
6729,27,0,10,24,27,12,14,16,8,26
6730,19,3,18,3,4,2,7,15,16,18
6731,14,7,3,23,20,15,11,1,27,27
6726,10,3,8,3,4,2,7,2,16,1
6732,23,27,8,1,1,9,20,2,14,9
6733,1,18,26,27,10,25,9,28,0,10
6734,27,1,17,14,15,25,19,0,9,20
58477,1,1,26,29,22,23,11,6,0,20
63826,11,15,14,20,1,9,26,28,1,9
402055,16,17,20,6,23,29,23,18,18,21
10250,10,15,5,1,16,9,20,2,3,1
23524,18,4,26,12,7,3,21,22,25,28
84530,18,11,13,12,25,1,21,17,0,29
51593,28,4,4,29,19,10,12,12,11,0
6426,27,4,6,29,19,7,3,13,6,20
10772,18,11,13,12,25,1,25,17,25,29
9295,23,4,6,1,10,0,0,23,11,19
135295,5,0,10,0,6,3,22,12,11,8
6427,2,12,16,25,12,21,13,3,17,22
6428,23,15,19,26,16,9,20,2,3,1
6429,10,27,4,26,16,9,20,2,3,1
6430,11,15,14,1,1,9,26,2,20,1
6431,19,3,18,3,4,2,7,15,16,18
6432,24,22,12,20,28,28,26,6,13,0
10929,0,25,4,4,0,0,10,26,22,19
8683,2,2,29,2,12,7,22,5,17,16
6760,14,16,3,23,20,15,2,27,10,27
26039,7,18,17,14,15,25,3,13,6,10
51188,1,27,5,29,10,19,9,26,9,0
6741,24,22,12,5,28,23,8,25,13,24
6742,24,22,21,20,28,19,8,25,1,24
23635,24,22,12,5,28,19,11,25,13,24
23648,19,3,18,3,4,2,7,15,16,18
170463,1,1,5,29,7,10,14,12,0,28
6744,19,3,18,3,4,2,7,15,16,18
54434,19,3,18,3,4,2,7,15,16,18
85464,11,27,5,20,1,19,26,28,1,9
8636,25,2,22,24,9,26,29,24,17,12
6745,19,27,19,26,16,9,20,2,20,1
6746,11,22,21,20,1,19,26,28,1,9
6747,10,15,8,26,16,9,27,2,20,18
6748,28,0,26,27,7,3,19,12,9,28
6749,23,4,12,20,1,13,21,6,1,9
10534,19,3,8,3,16,9,7,2,3,18
29101,0,0,28,27,22,0,19,6,9,28
117178,27,1,28,29,22,25,19,26,0,20
6767,29,8,10,0,19,10,0,23,26,4
6482,22,11,13,17,15,1,14,16,26,29
6483,18,6,28,18,2,4,6,21,28,28
6764,0,25,26,29,22,0,10,26,22,19
84620,10,15,19,1,16,9,20,2,3,1
256435,18,11,13,12,25,1,21,17,25,29
81849,10,29,8,26,16,9,27,10,20,6
7982,10,29,19,26,16,11,27,2,3,6
54879,16,1,20,6,23,29,28,18,26,21
10274,11,22,21,5,28,19,8,28,14,9
10735,19,3,18,3,4,2,7,15,16,18
8027,8,7,13,10,11,1,25,22,25,26
10254,10,27,19,26,16,9,20,2,20,1
10617,19,3,18,3,4,2,7,15,16,18
10809,21,7,11,10,11,24,24,19,2,12
10948,0,25,4,4,7,10,10,26,6,17
83930,0,25,4,4,0,0,12,26,22,19
134429,11,21,21,5,28,19,8,25,14,24
56910,1,1,5,26,22,9,20,2,3,17
6772,3,2,29,2,27,20,1,5,15,8
6773,7,4,14,1,7,28,9,6,9,0
6774,0,4,28,29,19,10,12,11,6,28
6777,7,4,26,27,17,10,9,0,9,0
6778,24,21,21,5,17,23,8,25,14,24
6780,24,22,21,5,17,19,8,25,1,24
27067,3,0,26,24,7,27,14,13,8,28
8614,16,17,20,6,23,18,4,18,26,21
6786,24,4,6,10,27,23,28,22,8,10
57620,10,15,5,26,16,9,27,2,20,1
10963,10,29,19,26,16,9,27,2,20,1
8576,11,25,12,1,1,19,12,6,14,9
9263,19,3,18,3,4,2,7,15,16,18
8428,19,3,18,3,4,2,7,15,16,18
10494,20,6,2,18,27,4,6,21,28,2
51765,17,23,15,16,24,18,4,29,12,5
6788,5,0,26,27,27,27,14,6,6,28
65975,1,1,14,29,22,28,10,26,9,17
11329,3,0,6,0,7,3,28,3,11,10
23012,25,12,23,8,14,6,13,1,17,12
27347,6,7,23,22,12,26,13,24,2,12
6789,10,15,5,1,1,13,20,2,20,1
3925,5,18,16,2,14,12,3,13,15,10
11075,10,27,5,1,16,9,20,2,20,1
50861,19,3,18,3,4,2,7,15,16,18
79991,1,1,5,29,22,28,10,11,0,17
30968,10,15,8,26,16,9,20,2,3,1
11037,10,3,8,3,4,2,7,15,3,18
85439,19,3,18,3,4,2,7,15,16,18
219736,27,18,10,14,7,13,3,12,9,10
56977,8,11,13,12,25,1,25,17,25,29
11171,8,11,13,12,11,1,25,17,25,29
55342,0,25,4,27,22,28,10,26,22,17
6801,27,18,28,29,22,25,3,12,9,20
29966,1,15,13,20,25,9,21,28,1,9
3703,19,3,18,3,4,2,7,15,16,18
201595,29,8,5,1,22,11,0,23,0,17
10273,0,25,4,27,22,28,12,26,11,17
8677,1,0,6,18,22,10,14,16,26,0
23673,23,27,5,26,16,9,26,11,3,1
8675,23,27,14,26,1,9,26,28,1,9
55014,11,22,5,20,1,19,26,28,1,9
53407,7,0,28,24,17,25,3,12,6,28
2054,19,3,18,3,4,2,7,15,16,18
6809,27,1,26,14,15,25,19,0,11,10
6810,6,0,28,24,27,3,22,5,8,10
6811,5,2,29,0,6,7,22,3,19,8
10228,1,25,13,12,25,1,21,17,25,29
8417,1,4,5,20,10,13,10,6,1,17
9482,11,22,21,20,1,13,26,11,14,9
6812,7,4,6,29,6,27,14,11,11,10
6814,19,3,8,3,4,2,7,15,3,18
252983,10,29,1,13,26,11,27,10,20,6
6815,10,29,19,26,16,2,27,10,3,6
51657,11,4,5,1,10,13,26,6,1,9
10923,11,22,5,1,1,19,26,28,1,0
8803,11,27,5,20,10,19,9,28,9,9
8802,10,29,5,26,16,9,27,10,20,1
8801,10,3,18,3,4,2,7,15,16,18
51430,24,22,12,5,28,19,21,25,13,24
64426,10,29,1,13,16,11,27,10,24,6
57794,0,25,4,4,0,0,10,11,22,19
10147,24,6,2,18,27,23,28,22,28,26
10910,9,26,9,22,8,8,18,4,4,15
23213,28,0,16,10,27,20,3,22,19,23
55959,0,4,6,4,22,9,10,26,11,19
27233,16,17,20,6,23,29,23,18,18,21
25870,11,22,12,5,28,19,8,28,14,9
7341,23,15,5,1,22,25,20,0,3,20
6613,1,15,19,26,10,28,27,11,20,1
6612,29,8,28,29,22,11,0,6,6,4
23353,0,15,5,1,22,9,10,11,0,17
11198,11,27,14,26,1,9,20,2,20,9
55578,7,0,28,27,22,28,12,12,22,0
8464,1,1,26,18,22,4,10,21,0,17
6827,29,8,1,13,26,11,0,10,24,6
6829,19,3,8,3,4,2,7,15,3,18
6830,23,15,19,20,10,28,26,11,14,9
9913,1,1,28,18,10,27,14,21,0,0
6832,10,29,8,13,16,11,27,10,3,6
6834,10,29,8,13,16,11,27,11,24,6
6835,23,29,8,13,16,11,27,10,3,6
6836,22,7,16,25,14,20,22,3,17,23
6838,12,13,24,28,18,16,17,7,27,12
79723,11,22,21,1,1,19,21,25,14,9
23512,29,15,19,13,26,11,0,23,24,1
9900,23,27,8,26,16,9,20,2,20,1
374969,5,2,10,2,19,12,28,16,26,16
6840,19,3,8,3,4,2,7,15,16,18
258010,1,27,19,4,22,0,12,6,22,17
23075,10,3,19,3,4,2,7,15,3,18
54823,8,11,16,12,25,1,28,16,25,29
94056,23,4,12,20,7,19,26,6,14,9
84144,19,3,18,3,4,2,7,15,16,18
25949,23,22,14,18,10,4,10,21,0,28
8189,1,21,6,29,7,4,28,21,6,10
81493,19,3,8,26,4,2,7,15,16,18
10492,29,15,1,13,22,11,27,11,24,1
23345,0,4,4,29,0,0,10,26,14,17
23224,23,27,5,1,16,9,20,11,3,1
9144,22,5,16,24,28,7,22,24,13,23
8871,23,27,5,26,22,25,9,11,9,9
55333,10,27,19,1,1,9,26,2,3,1
11276,22,7,16,10,2,26,11,22,8,26
6856,10,15,8,1,16,9,20,2,20,1
90196,11,27,14,20,1,19,10,28,14,9
6857,19,3,18,3,4,2,7,15,16,18
23208,10,27,5,1,16,9,20,11,3,1
51760,23,15,19,26,16,9,20,6,20,1
6860,29,29,1,13,26,11,27,10,24,6
9066,18,11,26,12,25,10,14,16,8,0
26099,18,11,21,5,7,1,21,17,0,24
23118,7,18,17,27,17,25,19,0,6,10
6867,1,4,28,29,19,12,9,23,0,20
10579,15,12,22,25,14,21,29,3,23,3
51204,5,2,29,0,19,12,28,23,15,4
6871,15,9,9,11,5,5,29,14,5,11
10474,10,3,8,3,16,2,20,2,20,1
6872,19,3,18,3,4,2,7,15,16,18
6881,11,21,12,20,1,19,26,28,14,9
6882,24,22,13,12,28,19,21,25,13,24
6883,1,1,4,4,22,28,10,6,9,17
6884,18,11,13,12,25,1,21,17,25,29
8148,16,17,20,6,23,29,23,18,18,21
9014,10,29,8,26,16,9,27,10,3,18
79101,19,3,19,3,4,2,7,15,16,18
6873,14,16,3,23,20,15,2,27,10,27
83860,23,15,14,26,10,9,26,11,14,17
6878,1,4,10,18,22,10,14,21,11,0
6879,23,27,14,20,1,9,20,28,14,1
6880,15,24,11,24,27,26,22,24,17,23
6876,29,29,1,13,26,11,27,10,20,6
8407,1,4,14,4,22,25,12,26,22,17
29114,7,1,5,29,22,13,19,26,0,17
6888,27,5,26,0,19,10,28,16,8,2
26115,19,3,18,3,4,2,7,15,16,18
10010,1,22,12,29,22,25,26,11,1,20
57551,0,25,4,1,0,0,10,26,22,19
51347,28,0,26,29,27,23,3,12,11,4
6894,9,9,0,11,13,8,15,20,4,11
6895,5,10,10,0,27,12,22,8,8,16
23435,9,14,0,9,8,8,24,20,2,15
6897,2,24,16,19,3,21,22,8,15,22
80222,10,29,8,1,16,11,27,10,3,6
123283,17,17,20,6,23,18,23,18,18,21
83940,0,25,4,4,22,0,12,11,20,17
128387,13,16,27,15,20,15,2,27,10,13
8887,19,3,18,3,4,2,7,15,16,18
30851,19,3,18,3,4,2,7,15,16,18
23216,11,27,14,1,1,9,26,11,9,9
23232,21,5,11,2,6,12,22,5,19,23
57533,6,10,11,19,15,12,1,24,15,16
64786,21,24,11,19,9,24,29,5,19,12
125058,11,15,19,26,1,9,20,2,3,1
55296,10,29,19,13,16,11,27,10,3,6
128637,18,6,10,18,7,23,14,13,26,28
25771,18,11,13,12,25,1,25,17,25,29
55773,28,2,10,27,27,3,1,12,15,8
221322,19,3,18,3,4,2,7,15,16,18
9779,11,15,14,20,1,19,26,11,1,9
51256,10,15,14,26,16,9,20,2,20,1
23061,23,27,14,26,16,9,20,2,3,1
6902,1,27,14,1,1,13,12,11,9,17
1155,27,15,14,26,10,25,20,0,0,20
6903,22,1,6,0,10,27,14,12,26,10
6904,23,15,12,20,1,9,20,28,14,9
6905,11,4,14,1,22,13,26,28,1,9
93627,11,15,5,20,1,28,26,11,14,9
29110,22,5,28,2,6,27,28,12,8,28
6907,10,15,19,26,16,9,20,2,3,1
79718,11,22,12,5,28,19,26,6,13,9
26608,6,2,16,0,6,7,1,3,15,8
6908,10,29,8,13,16,11,27,10,20,6
9519,19,3,18,3,4,2,7,15,16,18
84897,10,3,8,26,16,9,20,2,20,1
9747,7,4,14,0,22,27,11,0,9,20
6917,5,6,11,0,19,27,6,16,28,28
6919,3,0,28,24,7,10,28,16,6,10
9338,20,6,2,8,2,6,6,21,28,2
140597,15,9,22,9,21,8,24,4,7,14
79921,10,15,19,13,16,11,27,10,3,6
56849,21,7,22,22,14,20,24,19,7,26
90843,11,22,12,20,1,19,26,28,1,9
51186,29,15,1,1,26,11,0,23,24,4
127428,2,12,11,19,3,12,22,8,19,23
6921,3,5,10,0,27,3,19,13,8,28
6923,11,27,19,26,1,9,20,28,3,9
6924,0,4,5,29,22,28,12,26,0,0
10915,8,11,13,12,25,1,25,17,25,29
6938,10,29,8,3,16,9,7,2,3,18
6942,10,15,1,13,26,11,27,10,24,6
22980,19,3,18,3,4,2,7,15,16,18
6929,11,15,14,26,1,9,20,28,14,9
6925,25,26,9,9,21,22,15,4,4,14
83439,19,3,18,3,4,2,7,15,16,18
6934,10,27,14,1,22,9,20,2,20,1
84260,19,3,18,3,4,2,7,15,16,18
6949,10,3,8,26,16,9,20,2,3,1
6950,0,25,4,26,16,9,20,2,3,19
6988,24,21,21,5,28,19,26,25,14,24
255758,28,0,26,27,0,0,12,13,11,10
79600,29,8,1,13,26,11,0,10,24,6
26123,19,3,18,3,4,2,7,15,16,18
6996,0,25,4,4,0,0,10,26,22,19
51567,24,21,21,10,7,3,14,22,14,26
81550,3,5,6,27,9,3,28,12,8,28
7003,28,0,17,27,17,27,19,12,9,28
8463,2,2,16,24,9,20,13,24,13,22
7005,20,6,2,18,19,4,6,21,28,2
25851,27,18,17,14,15,24,3,8,15,10
57451,11,15,5,1,1,19,26,28,14,9
55714,10,15,14,26,16,9,20,26,3,1
26011,1,25,14,20,16,28,12,26,20,17
7013,19,3,8,26,16,9,20,2,3,1
7014,18,11,26,18,25,1,14,21,0,0
54386,9,26,9,7,5,22,16,20,4,11
80312,11,27,14,20,1,9,26,28,1,9
54790,19,3,18,3,4,2,7,15,16,18
200424,3,2,29,2,9,12,1,3,17,22
54881,10,3,8,3,4,2,7,15,16,18
56154,11,22,12,20,28,19,8,28,1,9
51368,19,3,18,26,16,9,7,2,16,18
374618,14,7,3,23,12,20,11,8,7,22
7019,11,27,19,20,1,19,26,28,14,9
51106,2,2,29,25,9,21,22,3,17,22
7024,23,4,26,1,22,27,12,26,9,17
7027,27,1,26,29,7,25,19,0,0,28
7029,14,7,23,23,12,15,24,24,10,27
7033,16,17,20,6,23,29,23,18,18,21
10342,11,22,12,1,1,19,26,28,1,9
24144,1,1,5,29,10,13,9,26,0,1
7035,23,27,14,26,1,9,20,2,3,1
7980,19,3,18,3,4,2,7,15,16,18
29844,29,29,8,13,26,13,27,10,24,6
23483,10,29,5,26,16,9,27,2,20,1
7042,19,3,8,3,4,2,7,15,3,18
7046,7,18,5,14,10,25,9,0,6,20
7049,24,22,12,5,28,3,8,25,13,24
7050,10,3,8,26,16,9,27,15,3,18
60436,1,1,4,1,22,13,10,26,11,17
10618,19,3,18,3,4,2,7,15,16,18
96764,1,27,12,1,22,13,10,28,1,9
63892,24,22,21,5,28,19,8,25,13,24
5612,1,4,19,29,22,28,12,6,9,17
83591,23,27,5,1,16,9,10,2,20,17
51078,24,21,21,20,17,23,8,22,14,0
168451,5,0,10,0,19,10,12,13,8,28
152815,24,18,17,14,17,25,19,0,0,20
80764,22,2,29,19,14,24,13,5,19,22
79725,11,15,17,1,7,19,9,0,1,20
7057,1,15,19,1,22,9,20,2,20,1
7059,2,7,11,0,27,3,1,13,8,16
7060,19,3,18,3,4,2,7,15,16,18
117145,11,15,14,26,1,9,26,11,1,9
54974,1,27,5,26,22,9,20,2,0,1
9984,10,29,1,13,16,11,27,10,3,6
57187,0,29,14,13,16,0,20,11,20,1
8563,21,9,23,22,21,5,29,19,7,12
79228,11,21,21,20,28,19,8,25,14,9
80145,3,8,29,0,6,7,0,23,26,4
7067,3,1,28,10,27,23,11,22,0,26
9967,23,27,14,26,22,9,9,26,0,1
221981,11,22,12,20,28,19,8,25,1,24
55623,20,6,2,18,2,4,6,21,0,2
80745,16,17,20,6,23,29,23,18,18,21
25917,1,15,4,29,22,0,10,6,20,17
29087,27,1,26,29,10,27,14,6,14,20
7072,9,28,23,28,8,8,24,20,27,7
7073,22,10,29,0,9,3,14,3,19,8
26230,19,3,18,3,4,2,7,15,3,18
200765,16,17,20,6,23,29,23,18,18,21
166815,27,18,17,29,10,28,9,6,9,20
8914,23,15,5,1,16,9,20,2,3,1
26515,11,15,14,26,10,9,20,2,3,1
26517,11,27,14,26,1,9,20,28,1,9
10440,11,22,21,20,28,19,26,25,14,9
10245,10,15,5,26,22,9,9,11,3,1
29090,5,6,2,29,6,10,14,13,8,2
100287932,27,22,21,5,17,19,8,25,13,24
10469,19,3,18,3,4,2,7,15,16,18
92609,3,0,16,17,14,20,22,24,15,23
26521,16,17,20,6,23,29,23,18,14,21
26520,2,24,11,19,14,21,1,24,17,16
51300,22,0,10,24,6,12,22,13,17,10
7076,7,5,17,14,15,25,3,0,6,20
7077,11,27,19,26,1,9,20,28,14,1
26277,10,3,8,3,4,9,20,2,3,1
25976,11,22,14,20,1,13,26,6,14,9
54962,24,22,10,5,19,10,8,16,26,24
261726,0,25,4,4,0,0,10,26,22,19
7082,0,25,4,29,0,0,10,26,22,19
7084,1,4,5,29,17,13,9,26,0,17
26007,0,25,4,4,22,0,10,26,22,28
7086,11,22,21,20,1,19,9,28,1,9
57707,24,22,21,5,28,19,8,25,13,24
7088,22,10,29,24,6,7,1,16,8,8
7090,17,23,15,16,24,18,4,29,12,5
7091,10,29,19,26,16,11,27,10,20,6
9874,10,15,14,26,16,9,20,2,20,1
11011,22,18,11,17,6,10,28,13,26,23
7094,28,25,26,29,17,28,10,6,9,17
83941,27,15,14,14,17,25,20,0,6,20
83877,18,5,12,4,22,27,14,26,14,0
80213,23,15,5,26,25,13,9,11,0,9
7108,11,27,5,26,1,9,26,28,3,9
51768,28,21,28,27,17,4,3,13,6,2
9375,19,3,18,3,4,2,7,15,16,18
56889,7,18,26,14,17,25,9,0,9,0
9777,29,29,1,13,26,11,27,10,24,6
55319,22,18,17,14,17,10,28,16,8,16
51372,24,18,21,5,7,23,8,22,13,24
51643,27,18,17,24,19,25,3,16,8,10
7009,24,21,21,20,28,13,26,25,14,9
23023,2,12,22,19,9,26,29,3,19,22
54499,10,29,19,26,16,9,7,2,20,18
55002,16,17,20,6,23,29,23,18,18,21
11018,19,3,18,3,4,2,7,15,16,18
10972,10,15,19,13,16,11,27,10,20,6
10959,10,27,8,3,16,9,20,2,3,1
23423,5,0,4,17,19,3,14,12,11,0
222068,6,10,11,19,15,10,28,3,15,8
50999,18,1,28,18,22,4,12,21,0,28
51014,24,22,12,5,28,19,8,25,14,24
283578,10,29,19,4,16,0,27,10,22,1
54732,29,8,1,29,26,11,0,23,26,4
84336,7,18,17,14,15,13,19,0,6,20
54664,28,5,28,0,27,3,28,12,9,28
79022,3,0,28,27,27,27,28,13,26,10
84314,2,0,29,19,14,20,22,5,19,12
8834,14,16,3,23,20,15,2,27,10,27
114908,29,29,19,13,26,11,27,10,24,6
84233,19,3,18,3,4,2,7,15,16,18
55863,6,10,11,24,11,26,28,22,2,26
55654,26,14,9,7,5,8,24,9,7,11
85013,7,1,10,0,19,7,9,5,26,16
92305,1,15,19,1,10,13,20,6,20,17
23505,0,25,4,27,22,13,10,26,9,17
54972,16,17,20,6,23,29,23,18,18,21
80194,17,23,15,16,24,18,4,29,12,21
85014,20,6,10,2,27,6,6,24,28,12
10430,5,1,28,27,19,28,14,26,11,0
28978,5,8,10,2,19,12,0,16,26,16
81853,21,10,2,8,21,6,1,1,28,22
51522,10,29,19,26,16,9,20,2,3,1
645203,1,15,4,4,1,0,12,26,22,1
57146,23,27,19,26,10,9,20,11,3,1
54958,19,3,8,3,16,9,7,15,16,18
54929,5,0,28,17,6,7,3,16,15,8
153396,25,6,23,8,14,6,6,1,28,12
55858,0,25,4,4,0,0,10,26,22,19
153339,10,3,8,26,16,9,7,2,16,1
56900,24,21,21,5,28,19,8,25,14,24
200728,19,3,18,3,4,2,7,15,16,18
100507421,10,29,8,13,16,11,27,10,3,6
374395,13,16,27,15,20,15,2,27,10,27
129787,29,15,14,1,22,11,20,10,20,6
57583,0,1,4,4,10,0,10,11,22,17
25829,10,3,18,3,4,2,7,15,16,18
55751,16,17,20,6,23,29,23,18,26,21
387521,19,3,8,3,4,2,7,15,16,18
55266,23,27,26,18,10,4,12,28,0,0
201931,11,22,21,20,28,19,8,28,1,9
147007,19,3,8,3,4,2,7,15,16,18
23670,28,1,26,4,7,3,12,26,22,17
114801,19,3,8,3,4,2,7,15,16,18
374882,23,15,5,1,16,9,20,2,3,1
55248,24,21,21,5,28,23,8,25,13,24
29100,27,4,17,24,7,25,3,12,6,10
84928,1,25,5,1,10,0,10,26,22,17
219854,11,15,12,1,1,19,26,28,1,9
124446,11,1,14,26,1,9,26,11,20,9
29058,5,2,6,17,19,27,28,13,15,16
65062,11,27,12,1,1,19,26,28,14,9
729515,29,15,1,29,22,11,0,11,24,4
79161,21,12,23,22,8,26,24,19,2,14
23731,28,8,6,2,19,7,14,16,11,16
55069,18,11,13,12,25,1,25,17,25,29
84866,10,3,8,3,4,2,7,15,3,18
254863,10,3,18,3,4,2,7,15,3,18
746,11,22,5,29,10,13,10,26,14,9
91304,9,9,9,9,5,22,16,4,23,3
54916,10,27,8,26,22,28,20,6,0,1
90871,29,4,14,13,26,13,9,26,24,17
90488,10,27,8,1,16,9,20,2,20,1
55754,9,9,9,9,21,22,16,9,23,25
55161,1,15,5,1,1,13,20,6,3,17
59353,1,25,14,27,22,13,10,6,20,17
55151,11,22,5,1,1,13,26,11,1,9
55254,11,4,12,29,22,13,9,28,14,9
440026,1,4,1,29,10,28,9,23,14,17
131616,8,11,13,12,11,1,25,17,25,26
79188,1,1,26,1,17,25,9,6,0,20
55076,27,1,28,29,17,27,9,11,0,28
83604,9,28,9,22,8,8,24,19,7,14
10329,22,18,28,0,6,27,28,23,11,4
23585,19,3,18,3,4,2,7,15,16,18
757,3,0,28,24,17,3,28,13,6,28
79639,11,22,12,5,28,19,8,25,14,24
55529,18,11,13,12,25,1,21,17,25,29
90809,17,23,15,16,24,17,4,29,12,5
55219,18,11,13,12,11,1,25,17,25,29
9528,19,3,18,3,4,2,7,15,16,18
25789,29,29,1,13,26,11,0,10,20,6
85025,22,10,28,24,9,27,1,16,15,23
157378,11,22,21,20,28,28,26,25,1,10
91147,1,25,5,12,25,1,12,26,0,17
137695,19,3,18,3,4,2,7,15,16,18
51249,16,17,20,6,23,29,23,18,18,21
54968,18,4,28,12,25,1,21,16,25,29
283232,18,1,26,29,22,28,12,11,0,0
25963,19,3,18,3,4,2,7,15,16,18
92162,24,22,21,5,10,23,0,6,14,24
252839,27,5,26,5,17,25,3,25,6,10
641649,2,12,16,19,12,24,1,8,17,22
27346,0,25,4,4,0,0,10,26,22,19
26022,5,10,29,17,9,7,22,24,15,8
56674,2,24,16,25,14,21,1,24,17,12
7110,23,1,26,29,22,28,14,11,9,17
29766,1,15,5,1,16,28,20,6,3,17
7112,22,1,6,27,6,25,11,13,11,28
9168,1,15,5,26,22,9,20,2,3,17
7114,19,3,18,3,4,2,7,15,16,18
7117,2,12,11,25,12,12,13,8,19,16
83857,6,7,23,19,14,21,13,5,17,12
160418,29,8,1,13,26,11,0,23,24,4
84899,11,22,21,1,1,19,26,28,14,9
79089,10,29,14,26,16,9,27,10,24,1
81542,8,0,28,24,19,10,28,3,25,26
51075,0,25,14,1,22,13,9,6,9,17
54495,29,15,26,1,10,27,0,26,20,4
56255,24,21,21,10,7,23,22,22,13,26
7126,11,15,19,20,16,9,20,11,20,1
25816,3,10,11,2,9,7,1,5,2,23
55504,19,3,18,3,4,2,7,15,16,18
27242,10,27,5,26,1,9,20,2,20,1
23043,11,21,12,5,1,19,8,25,14,9
10318,17,23,15,16,24,18,4,29,12,5
8658,11,15,14,18,1,19,26,11,1,17
85456,29,15,6,29,22,11,0,23,11,4
80351,28,5,10,29,6,27,14,13,26,0
7137,10,3,8,26,16,9,7,15,3,18
3842,2,24,16,19,12,12,22,24,19,26
30000,29,15,1,13,10,28,27,11,20,6
23534,10,29,1,20,16,9,27,10,20,6
27327,23,27,14,1,22,19,26,28,1,28
23112,23,27,12,20,1,9,20,28,14,9
57690,10,15,19,1,16,9,27,10,3,1
10140,25,26,23,9,21,5,29,14,23,3
10766,2,24,11,2,14,26,18,3,15,12
54472,11,27,5,20,17,19,26,28,14,9
10040,23,15,19,26,16,9,20,2,3,1
9804,0,25,4,4,0,0,10,26,22,19
56993,13,16,27,15,20,15,2,27,10,13
10953,19,3,18,3,4,2,7,15,16,18
10452,19,3,18,3,4,2,7,15,16,18
54543,5,0,28,27,19,25,28,12,8,20
9868,7,18,17,17,15,27,14,0,9,10
7150,5,10,10,2,11,12,22,5,15,16
7153,17,23,15,16,24,17,4,29,12,5
7155,14,16,3,23,20,15,2,27,10,27
11073,5,18,10,2,6,10,28,18,26,16
10210,19,3,18,3,4,2,7,15,3,18
1861,19,3,18,3,4,2,7,15,16,18
26092,19,3,18,3,4,2,7,15,16,18
163590,19,3,19,3,4,2,7,15,16,18
27324,24,21,17,1,22,13,9,22,0,20
9878,29,29,14,4,10,11,0,10,24,1
7157,23,27,14,26,16,9,20,2,16,1
7158,24,21,12,5,28,23,8,22,13,24
7159,28,0,26,24,17,10,6,13,9,28
9537,17,23,15,16,24,18,4,29,12,5
90313,3,10,10,17,9,27,28,24,15,8
9540,7,1,17,29,17,13,19,6,11,10
94241,1,25,4,1,22,13,10,26,0,17
7162,18,18,26,27,25,10,14,12,6,0
7163,23,27,14,1,22,9,9,2,20,1
7164,7,18,28,29,7,28,28,6,9,17
7165,21,12,16,19,8,21,1,24,19,22
25941,2,10,16,19,9,26,18,24,23,22
7166,11,15,12,20,1,19,26,28,1,9
7167,10,15,1,13,26,11,27,10,24,6
7168,21,7,23,22,11,8,24,19,2,3
7169,11,27,12,1,1,19,26,6,14,9
7170,24,21,12,20,28,19,8,25,13,24
7171,24,22,21,5,28,19,8,25,13,24
1200,5,10,16,0,15,10,28,8,8,10
7174,5,17,20,6,6,29,23,18,18,21
7175,22,18,17,14,15,3,19,8,6,23
51002,29,4,6,1,10,28,0,23,11,4
8459,5,5,26,29,25,27,12,21,26,29
7178,10,3,19,3,16,9,7,2,20,18
22974,1,1,26,27,7,13,14,12,0,0
29896,1,15,14,1,1,9,12,11,1,1
6434,5,6,2,8,6,3,6,24,28,2
7187,19,3,18,3,4,2,7,15,16,18
26146,6,10,10,24,9,7,22,3,17,23
9618,8,1,17,14,15,25,19,0,9,20
7188,10,3,8,26,16,2,7,15,3,18
84231,0,25,4,1,17,0,10,13,9,19
22906,0,25,4,4,0,0,10,26,22,19
66008,19,3,18,3,4,2,7,15,16,18
23471,3,0,28,27,0,3,3,12,11,28
133022,19,3,18,3,4,2,7,15,16,18
9697,10,29,8,26,16,9,27,2,3,1
10131,23,27,19,26,1,9,20,28,3,1
58485,11,15,19,26,1,9,26,28,14,1
7109,8,7,13,10,11,26,25,19,25,26
60684,0,25,4,1,22,13,12,26,20,17
51112,0,4,4,4,0,0,10,13,22,19
80006,23,27,5,1,1,9,20,2,0,1
6399,24,21,3,27,27,23,11,22,9,28
10597,11,21,12,20,1,19,26,28,1,9
51693,10,3,8,3,4,2,7,15,3,18
27095,27,4,28,14,27,13,9,0,6,10
51399,23,27,5,1,1,9,20,11,3,1
79090,10,29,1,13,26,11,27,10,24,6
122553,22,4,28,17,7,27,19,13,9,10
22878,18,11,13,12,25,1,25,17,25,29
51499,19,29,19,3,4,9,7,15,3,18
28951,16,17,20,6,23,29,23,18,18,21
10206,18,11,13,12,25,1,21,17,25,29
23321,11,27,12,1,1,9,26,11,14,9
373,23,15,5,1,22,28,9,11,14,9
8805,28,0,26,29,7,13,10,13,9,28
7726,10,15,8,26,16,9,20,2,3,1
5987,28,0,4,27,19,27,3,12,6,0
10155,5,2,11,17,14,7,3,5,19,16
51592,11,22,12,5,1,19,26,28,1,9
55521,1,4,5,29,10,25,12,28,0,20
4591,7,1,17,27,17,25,9,11,6,20
10475,20,6,2,8,2,6,6,1,28,28
89122,10,29,19,13,16,11,27,10,20,6
90933,23,27,5,1,10,9,20,2,0,17
54765,19,3,18,3,4,2,7,15,16,18
85363,23,15,5,1,1,19,26,6,1,9
84851,10,15,14,1,16,9,20,2,20,1
81844,27,18,17,14,7,25,19,0,6,10
140691,10,3,8,3,4,2,7,15,16,18
131405,10,29,8,26,16,2,27,10,3,6
81603,10,3,18,3,4,2,7,15,16,18
114088,6,18,16,19,11,20,24,22,17,26
7204,18,4,14,20,25,1,21,26,14,17
11078,23,27,21,20,1,19,26,28,1,9
9321,28,4,4,4,0,0,12,13,22,19
9320,29,27,5,1,22,13,10,11,9,17
9325,10,27,5,26,16,9,20,2,20,1
7205,6,7,23,25,8,26,22,19,7,14
54802,1,1,28,18,22,4,12,21,0,0
158234,11,27,5,26,10,9,20,28,14,1
54931,1,1,6,27,7,28,14,6,11,0
60487,5,10,10,2,9,24,28,5,26,16
51504,8,11,13,2,19,1,25,17,8,8
54482,11,27,12,26,1,9,20,11,1,9
81627,29,29,1,1,26,11,27,10,20,6
79979,27,18,17,27,27,25,19,16,9,26
51605,8,11,13,12,25,1,21,17,25,29
55687,10,27,19,26,16,9,20,2,3,1
54952,16,13,20,28,23,29,23,18,18,21
51095,29,29,1,13,26,0,20,10,22,1
7216,25,6,2,8,2,6,6,1,17,12
6738,2,10,11,25,3,24,1,8,17,23
26133,23,15,14,13,10,13,20,6,3,17
80036,23,27,12,20,1,9,26,28,20,9
54822,23,15,14,13,26,11,0,26,24,0
7227,11,21,12,1,7,13,12,28,14,9
83707,20,6,2,18,2,4,6,21,28,2
142940,23,27,19,1,16,28,12,2,9,17
26995,2,12,16,19,3,24,22,8,19,22
7248,20,6,6,18,6,4,28,21,0,2
8848,23,17,20,26,23,29,20,2,3,1
9819,10,15,14,26,1,9,20,11,3,1
1831,22,2,11,24,27,12,22,13,26,8
81628,24,21,21,5,28,23,8,22,13,24
116461,2,18,11,14,3,24,1,8,17,23
79042,10,3,8,3,16,9,7,2,20,18
283989,19,3,18,3,4,2,7,15,16,18
10102,11,22,12,1,1,19,26,28,1,9
7251,19,3,18,3,4,2,7,15,16,18
10194,19,3,19,26,4,9,27,15,3,18
128553,23,27,19,26,10,28,20,6,20,1
7247,29,8,1,13,26,11,0,10,24,6
7257,22,5,10,2,6,3,22,24,15,12
23554,20,6,2,8,2,4,6,21,28,2
27075,21,28,23,22,21,5,13,14,5,12
81619,6,24,11,25,27,3,1,3,17,12
10100,7,15,5,13,16,28,20,11,0,1
10099,0,25,4,4,0,0,10,26,22,19
6302,19,3,8,3,4,9,7,15,3,18
7106,5,18,17,14,15,12,3,8,19,23
10098,10,29,1,13,26,11,27,10,20,6
7105,3,7,28,10,27,23,14,22,26,26
7259,2,12,11,19,14,26,29,3,15,23
64061,28,1,26,14,19,28,19,13,6,0
23270,0,15,14,1,25,13,21,17,1,29
55720,0,25,19,26,0,9,20,2,20,19
90121,21,7,23,22,21,26,24,19,2,22
115939,19,3,8,3,4,2,7,15,16,18
7260,19,3,8,3,4,2,7,15,16,18
10078,6,24,16,2,14,24,1,3,19,16
7264,19,3,8,3,4,2,7,15,16,18
158427,19,3,18,3,4,2,7,15,16,18
146057,11,22,12,20,28,19,26,25,14,24
7265,19,3,8,3,4,2,7,15,16,18
54970,19,3,8,26,4,2,7,15,16,18
151613,10,3,19,26,16,9,7,15,3,18
55761,5,10,10,0,6,10,28,23,26,4
54902,10,3,8,26,16,2,20,2,3,1
79809,22,5,16,10,19,27,22,5,8,16
64927,20,6,2,8,2,6,6,1,28,2
83538,24,21,3,18,22,23,11,22,0,26
23331,19,3,19,3,4,9,7,15,16,18
7267,1,4,26,1,10,28,9,6,1,20
92104,7,1,17,20,17,25,9,11,0,10
150737,1,25,5,18,22,28,12,11,0,0
23548,11,21,12,5,1,19,8,25,1,24
9652,10,29,8,13,16,9,27,10,24,1
125488,11,15,12,20,1,13,26,11,1,9
91875,24,4,21,29,22,19,9,6,9,17
319089,24,22,21,5,28,19,8,25,14,24
123016,19,3,18,3,4,2,7,15,16,18
283237,28,6,28,18,2,4,14,21,28,2
7270,1,4,26,29,22,13,12,26,0,17
8458,7,5,17,27,7,27,19,13,9,28
9675,23,27,14,26,1,9,20,2,1,9
80185,29,8,1,13,26,11,0,23,24,4
7272,18,11,13,12,25,27,21,17,25,29
150465,1,15,5,1,10,19,10,28,9,17
25809,22,2,11,14,15,12,1,8,19,10
23170,11,27,14,20,1,19,26,28,1,9
26140,11,27,5,20,1,9,26,11,14,9
23093,5,0,6,0,6,12,3,5,15,16
79739,14,16,3,23,20,15,2,27,10,27
79183,10,3,19,3,4,2,7,15,16,18
7276,5,5,10,19,19,12,28,23,26,10
64595,1,27,5,20,22,19,26,11,1,9
94015,14,16,27,23,20,15,2,27,10,27
80727,11,1,12,1,1,25,26,28,1,9
7846,19,3,18,3,4,2,7,15,16,18
10376,14,16,3,23,20,15,2,27,10,27
84790,19,3,8,3,4,2,7,15,16,18
203068,19,3,18,3,4,2,7,15,16,18
7280,18,18,6,29,27,23,14,23,11,0
347733,23,1,12,4,0,0,10,26,22,17
10383,9,14,9,22,5,22,24,19,29,14
51174,11,22,12,5,1,19,26,28,1,9
7283,5,8,1,0,19,10,0,23,11,4
10844,19,3,18,3,4,2,7,15,16,18
10426,1,27,5,1,22,9,20,21,20,0
27229,7,4,4,27,10,13,12,6,9,17
114791,11,27,12,20,1,19,26,28,1,0
7284,16,17,20,6,23,29,23,18,18,21
55000,23,27,14,1,16,9,20,2,20,1
7289,11,22,12,5,28,19,26,0,1,24
56995,3,4,10,0,19,10,28,13,8,20
11334,18,11,13,12,25,1,21,17,25,29
7991,5,0,10,17,11,27,28,16,19,16
5756,1,1,5,29,10,13,10,23,11,17
11344,18,11,13,10,25,23,28,22,25,28
221830,7,4,26,29,22,25,19,0,9,10
57045,5,8,6,0,26,27,0,23,11,4
200081,5,10,17,17,15,24,1,3,19,23
167838,27,18,26,1,25,25,21,0,0,0
55787,23,15,5,26,10,28,12,26,22,17
7295,13,16,27,15,20,15,2,27,10,27
25828,23,27,8,26,16,9,20,2,3,1
51060,22,0,16,24,6,12,1,16,26,23
79770,19,3,8,3,4,2,7,15,16,18
57544,19,3,18,3,4,2,7,15,16,18
84817,27,1,17,14,7,28,9,0,6,20
10190,27,4,17,14,22,13,9,0,9,20
10628,10,15,8,26,16,9,20,2,3,1
9352,20,6,2,8,2,6,6,1,28,2
10907,22,5,29,19,9,7,1,24,15,16
7296,27,1,12,27,17,25,9,11,1,20
7298,0,1,14,1,10,9,10,26,22,17
127253,19,3,18,3,4,2,7,15,16,18
129450,17,23,15,16,24,18,4,29,12,5
11338,10,29,8,3,16,11,27,10,20,6
23350,0,25,4,4,0,0,10,6,22,19
55075,5,8,16,17,27,7,0,23,26,16
6675,5,10,6,0,19,10,14,16,8,10
7317,10,1,5,1,10,9,20,2,0,17
10054,5,24,29,2,19,12,13,16,8,16
9039,11,22,21,20,28,19,26,28,1,9
79876,25,26,22,9,8,5,15,20,23,11
7311,11,15,5,26,1,9,9,28,1,9
55236,19,3,18,3,4,2,7,15,16,18
10422,10,27,5,26,16,9,20,2,3,1
337867,22,10,11,17,6,12,22,8,15,16
51271,29,8,1,0,26,11,0,6,24,4
55833,28,27,14,14,22,28,10,0,9,17
9898,5,5,10,17,6,7,14,23,19,8
7314,19,3,8,3,16,9,7,15,20,18
23666,16,17,20,6,23,29,23,18,18,21
7316,7,0,17,0,6,25,11,16,0,10
7319,29,8,1,13,26,11,0,23,24,6
7320,11,22,21,20,28,19,26,25,13,9
11065,29,29,1,13,26,11,27,10,20,6
7321,1,1,5,29,10,25,9,26,0,17
7322,10,27,8,26,16,9,20,2,3,1
7323,23,27,19,26,0,9,20,11,20,1
7324,1,4,5,18,22,4,10,11,0,28
7325,23,27,5,1,10,28,20,11,20,1
10477,29,8,1,29,26,11,0,23,24,4
140739,28,10,10,24,27,12,3,13,6,8
7326,15,28,23,22,21,21,29,19,2,22
7327,7,0,26,27,7,25,19,12,9,28
7328,19,3,18,3,4,2,7,15,16,18
7329,13,16,27,15,20,15,2,27,10,27
51465,19,3,18,3,4,2,7,15,16,18
3093,22,8,6,0,26,28,0,23,11,4
7332,19,3,18,3,4,2,7,15,16,18
9246,10,15,19,1,16,9,20,2,20,1
9040,22,5,17,17,15,24,3,8,15,23
7334,24,22,12,5,28,19,8,25,13,24
63893,11,15,21,5,1,19,26,11,14,9
55585,19,3,18,3,4,2,7,15,16,18
92912,11,27,21,20,1,19,26,28,1,9
100134869,19,3,8,3,4,2,7,15,16,18
54926,1,1,14,1,22,13,12,26,9,17
29089,1,8,6,0,10,10,14,12,26,0
7336,11,27,5,1,1,19,26,28,1,9
55284,8,11,13,12,25,1,25,17,25,29
65264,10,3,8,3,16,9,7,2,16,1
7337,1,15,26,14,22,25,19,11,9,0
90025,7,0,14,14,7,28,19,0,6,20
9354,11,27,12,20,1,19,26,28,1,9
10277,19,3,18,3,4,2,7,15,16,18
56061,22,10,11,24,15,20,13,16,26,8
29914,1,1,28,27,22,27,9,0,0,0
5412,3,1,28,29,19,10,19,13,11,10
59286,18,0,6,27,22,4,28,21,0,17
84993,10,27,19,26,16,9,20,2,3,1
134510,7,18,28,14,17,13,19,0,6,0
29855,23,27,5,27,10,13,9,26,0,17
254048,29,29,1,13,26,11,27,10,24,6
7342,1,1,5,18,22,4,10,26,0,0
29979,15,24,16,25,12,5,18,3,19,16
29978,27,1,26,29,19,28,28,26,9,0
197131,11,27,12,20,1,19,26,28,1,9
23304,3,4,29,2,6,3,13,12,26,2
130507,19,3,19,26,4,2,7,15,3,18
23352,16,17,20,6,23,29,23,18,18,21
51366,23,4,12,4,1,13,9,11,14,9
55148,9,14,0,7,5,8,15,4,29,11
92181,28,1,6,4,10,13,12,26,11,0
7343,0,25,4,4,0,0,10,11,22,19
51035,23,27,14,1,22,13,20,11,0,9
165324,9,7,23,22,5,26,24,19,7,14
137886,2,2,29,24,9,20,1,24,19,16
23190,23,27,5,26,17,25,9,2,0,17
80700,27,5,6,24,7,10,3,12,11,10
26043,10,27,5,26,22,9,20,2,20,1
7993,10,27,19,26,16,9,20,2,20,1
7345,27,22,12,29,10,25,26,28,1,9
51377,19,3,8,26,4,2,7,15,16,18
54963,19,3,18,3,4,2,7,15,16,18
7351,17,23,15,16,24,18,4,29,12,5
51506,23,1,19,26,10,9,20,11,3,17
7353,29,8,1,13,26,11,0,10,24,6
23376,1,27,26,18,22,4,12,21,0,17
51569,19,3,8,26,4,2,7,15,3,1
55325,4,20,7,21,29,14,5,20,21,25
7357,23,27,12,20,1,9,26,28,1,9
7358,11,15,14,1,1,9,20,28,1,9
56886,10,3,8,3,16,9,7,2,16,18
55757,11,15,5,26,1,9,26,28,3,9
7360,10,27,8,26,16,9,20,2,20,1
127933,18,25,26,1,25,27,12,26,11,17
54887,23,29,8,13,16,11,27,10,24,6
23074,19,3,18,3,4,2,7,15,16,18
115426,0,25,4,4,0,0,12,26,22,19
51720,16,17,20,6,23,29,23,18,18,21
8408,5,10,11,2,9,12,28,5,17,8
9706,23,27,19,26,16,9,20,2,20,1
729852,19,3,18,3,4,2,7,15,16,18
7372,14,15,3,23,10,9,11,2,3,1
9094,14,16,27,15,20,15,2,4,10,27
84747,20,6,2,18,2,4,6,21,28,2
55898,1,0,26,29,22,27,12,11,11,28
25972,18,11,12,12,25,1,21,17,1,29
137970,27,8,17,14,19,12,3,23,26,26
7374,10,29,14,26,16,9,27,10,20,1
85451,1,4,5,18,22,28,9,21,9,17
64718,10,3,8,26,16,2,27,15,3,18
5976,5,10,2,17,2,3,28,1,8,2
26019,16,17,20,6,23,29,23,18,18,21
65110,15,24,11,22,12,20,18,24,2,22
65109,1,21,5,1,10,28,26,11,1,28
7378,1,1,28,29,22,27,14,13,9,17
55245,5,10,6,0,6,10,14,23,8,4
84300,10,29,19,13,16,11,27,10,20,6
29796,0,25,4,4,0,0,10,6,22,19
7381,0,25,4,0,0,13,12,13,11,0
7384,7,18,17,27,17,25,19,0,9,0
7385,3,2,10,27,17,3,3,12,26,26
7386,10,27,5,26,16,9,20,2,20,1
7388,28,18,26,27,27,28,19,13,6,20
27089,10,29,1,13,26,11,27,10,24,6
8725,11,22,14,1,1,19,26,28,14,9
81605,18,11,13,12,25,1,21,17,25,29
7389,16,17,20,6,23,29,23,18,18,21
7390,19,3,18,3,4,2,7,15,16,18
79650,10,15,19,4,16,0,20,2,22,1
55850,29,8,1,13,22,11,0,23,24,4
7392,6,24,16,24,9,20,3,16,19,23
205717,29,8,1,13,26,11,0,23,24,4
84833,6,7,11,8,14,20,13,1,17,2
8615,3,4,5,29,22,23,9,22,0,0
7398,10,3,8,3,4,2,7,15,16,18
9100,1,27,5,29,10,25,12,26,0,17
8237,11,22,12,20,1,19,26,28,14,9
219333,29,8,6,13,26,11,0,23,24,4
8975,6,0,29,2,9,3,13,24,8,16
9097,0,25,4,4,22,0,12,6,1,0
9958,19,3,18,3,4,2,7,15,16,18
10600,21,2,22,22,21,21,29,24,2,22
23326,27,18,6,27,19,10,3,13,8,10
29761,12,13,10,28,18,16,17,7,27,7
389856,27,18,17,29,17,27,14,11,6,24
57646,19,3,18,3,4,2,7,15,16,18
9960,0,25,4,4,0,0,10,26,22,19
23032,9,28,9,11,21,5,15,4,5,3
9736,19,27,8,26,16,9,20,2,3,1
57602,10,15,19,26,16,9,20,2,20,1
57695,7,1,4,27,22,13,12,26,9,28
84640,1,27,19,26,16,9,20,2,20,1
10713,16,17,20,6,23,29,20,18,3,21
7375,3,0,29,2,7,3,13,12,19,23
55230,1,4,10,18,19,10,28,21,11,4
84132,1,4,4,4,17,28,9,12,11,20
85015,11,27,12,20,1,19,26,28,1,9
64854,19,3,18,3,4,2,7,15,16,18
55031,10,27,5,26,1,9,20,28,3,1
84196,15,12,11,19,12,24,1,8,15,23
25862,10,27,14,1,26,9,27,10,24,17
8078,19,29,8,26,16,2,27,2,3,6
158880,23,1,19,26,10,13,20,2,3,1
54532,3,10,2,2,6,7,1,16,15,2
9712,9,28,0,7,13,22,15,20,4,11
7874,24,22,10,18,2,4,8,25,28,23
9101,20,5,29,2,2,3,6,13,28,12
8239,11,27,21,1,1,19,26,28,1,9
8287,10,29,14,1,16,9,27,2,3,1
10208,11,27,12,20,1,19,26,28,14,9
51118,14,16,3,23,20,15,2,27,10,27
10813,5,5,10,2,6,10,14,5,26,16
9724,19,3,18,3,4,2,7,15,16,18
51096,1,4,6,29,22,19,26,6,0,9
27340,15,12,23,25,8,26,24,19,2,14
84294,10,3,8,26,16,9,27,2,20,18
57050,0,27,5,1,22,9,20,2,20,17
84916,19,3,18,3,4,2,7,15,16,18
55813,19,3,18,3,4,2,7,15,16,18
7402,3,6,2,18,27,10,28,5,28,2
7404,23,27,19,1,10,19,26,28,9,9
7405,10,27,19,20,16,9,20,2,20,1
80146,21,12,23,22,8,26,29,4,5,22
8409,10,29,8,26,16,9,20,2,3,1
6844,5,0,6,29,17,3,28,12,26,0
9341,26,14,0,7,29,14,16,9,21,11
6845,1,27,14,1,10,28,20,6,20,17
57216,3,2,16,24,27,20,1,24,15,8
9218,10,27,19,13,16,9,20,11,20,1
9217,24,22,21,5,28,19,8,25,13,24
7407,0,25,4,4,0,0,10,11,22,19
79805,18,11,13,12,25,1,25,16,25,29
7408,1,25,4,4,0,13,10,26,20,17
10493,21,24,23,25,12,21,13,24,2,12
7410,23,4,14,1,22,19,9,6,9,9
7411,11,27,5,1,1,19,26,28,1,9
1462,3,0,10,24,6,3,6,13,6,28
7414,0,25,4,4,0,0,10,6,22,19
7415,2,5,29,2,14,7,1,3,15,16
80124,7,21,12,27,7,13,3,12,14,20
7416,7,21,26,20,22,25,14,6,1,17
7417,10,15,14,26,16,9,20,2,3,1
7419,23,15,5,1,22,13,26,26,14,17
7422,18,27,13,12,25,1,21,17,0,17
7716,5,4,10,18,19,4,28,12,11,28
55591,5,18,6,17,27,23,28,16,26,8
9686,1,25,5,29,7,13,9,26,0,17
7428,19,3,8,3,4,2,7,15,16,18
7431,23,15,14,26,22,13,10,26,9,17
79001,5,1,6,0,15,0,14,6,8,0
154807,24,21,21,5,28,13,8,25,14,24
203547,19,3,18,3,4,2,7,15,16,18
81671,24,22,12,5,7,19,8,25,13,24
55823,27,4,4,27,22,28,10,26,9,28
23230,11,1,12,20,28,13,26,28,14,9
157680,6,18,29,14,9,3,13,24,19,8
54832,0,4,4,29,22,28,12,26,11,17
84313,10,3,8,3,16,2,7,2,3,1
9559,5,0,10,2,19,27,28,12,26,28
51160,10,29,8,3,4,2,7,15,16,18
51699,20,6,2,18,2,4,6,1,28,2
65082,10,15,8,26,16,9,20,2,3,1
55737,10,3,8,26,16,2,20,2,16,1
51028,10,27,14,1,16,9,20,2,20,1
137492,0,8,10,17,19,0,0,23,26,4
79720,24,22,12,5,28,19,8,25,14,24
23339,1,1,26,13,22,9,9,6,0,17
27072,24,22,21,5,28,19,8,28,1,0
11311,29,8,1,0,26,11,0,23,24,4
27183,27,18,17,14,15,25,3,0,9,20
9525,23,27,26,29,22,13,12,26,0,17
55610,24,21,21,0,28,23,8,25,13,26
738,6,24,11,19,11,24,1,16,2,12
6293,5,0,6,27,19,27,14,23,11,19
55275,6,18,11,2,15,27,22,8,25,16
51542,18,1,13,29,17,27,14,21,0,17
6944,10,27,5,26,16,9,20,2,20,1
23355,19,3,18,3,4,2,7,15,16,18
7443,10,3,8,3,4,2,7,15,16,18
7444,10,29,19,13,26,11,27,2,20,6
51231,29,29,1,13,26,11,27,10,24,6
128434,29,8,1,13,26,11,0,23,24,4
51534,19,3,18,3,4,2,7,15,16,18
143187,0,25,4,4,22,0,12,6,0,17
10490,11,15,14,20,1,19,20,11,1,9
4013,10,29,8,26,16,9,20,2,3,1
81556,5,5,28,24,19,27,14,16,8,16
221806,1,27,14,26,22,4,20,2,0,17
51322,11,22,14,20,1,19,26,28,1,9
23063,0,25,4,4,0,0,20,6,22,19
7453,22,2,16,17,9,21,18,14,19,22
8936,1,1,5,27,10,28,10,6,9,17
10163,25,24,2,22,14,20,29,24,28,2
10810,6,10,11,2,11,21,1,5,8,8
644739,27,0,6,14,19,10,3,0,8,10
8976,5,5,10,24,7,12,28,12,11,0
51729,1,1,26,29,22,28,9,0,0,17
23558,19,3,18,3,4,2,7,15,16,18
11193,1,1,26,18,22,27,12,26,11,0
114049,25,24,23,25,14,21,29,24,19,12
80304,10,15,19,26,16,9,20,2,20,1
57590,0,25,14,1,0,0,20,2,22,19
115825,19,3,18,3,4,2,7,15,16,18
23001,25,6,2,8,2,6,6,1,28,2
11169,15,24,22,25,9,21,13,3,2,22
9948,29,8,29,2,26,7,0,23,24,4
55717,19,3,8,26,16,9,20,2,3,1
55759,28,4,26,27,19,3,28,13,8,28
64743,22,18,28,14,7,3,19,23,11,10
57418,10,27,19,26,16,9,20,2,20,1
57728,18,15,5,1,25,9,21,6,0,17
80232,7,18,17,14,15,25,9,0,0,0
10885,0,15,5,1,22,13,20,6,20,17
55339,10,3,8,3,16,9,7,2,20,1
89891,7,21,12,27,7,4,8,12,1,24
134430,10,3,8,3,4,9,7,2,20,18
55255,7,0,6,27,22,27,12,13,6,28
23160,10,3,8,26,16,9,7,2,20,18
54521,23,15,14,1,10,0,12,26,20,17
56270,0,25,14,4,0,0,10,26,22,0
22911,11,27,12,20,1,9,26,28,1,9
57599,19,3,18,3,4,2,7,15,16,18
11091,14,14,27,7,20,8,2,14,7,14
84058,9,14,9,22,8,8,24,20,4,14
79726,19,3,18,3,4,2,7,15,16,18
11180,1,1,6,29,7,25,9,23,11,20
55112,27,1,28,29,7,28,19,26,9,28
80349,28,1,28,0,10,3,12,12,11,17
55100,1,4,17,27,17,25,19,0,0,20
84942,20,2,29,24,2,10,14,1,17,2
54663,10,15,5,1,16,9,20,2,20,1
84128,23,27,5,20,10,28,10,28,14,9
79084,28,0,28,2,7,27,14,5,8,26
79819,0,0,29,2,19,10,28,23,8,19
80335,10,27,19,26,0,0,20,2,3,19
51398,6,7,16,10,12,21,13,24,8,23
112840,11,27,5,26,10,9,20,2,3,1
7465,17,24,15,16,14,18,24,16,12,5
117166,5,5,28,27,27,27,3,13,6,28
123720,14,16,3,23,20,15,2,27,10,27
7468,10,3,8,3,16,2,20,2,3,18
54904,23,27,12,1,1,19,26,28,14,9
147179,11,15,12,20,10,28,26,28,1,0
26100,8,11,13,12,25,1,21,17,25,29
79971,20,6,2,8,14,6,6,1,28,2
65125,28,0,4,27,0,28,12,12,11,19
65268,11,15,5,18,10,9,20,2,20,17
65267,6,2,22,19,3,24,24,24,2,8
7474,10,29,19,26,4,2,27,10,16,6
7477,19,3,18,3,4,2,7,15,16,18
49856,8,11,13,12,25,1,21,17,25,29
7485,28,21,6,12,27,23,14,22,9,0
7486,23,27,8,26,16,9,20,2,20,1
56897,7,4,19,14,10,13,9,11,20,20
26118,10,27,5,26,16,9,20,2,20,1
55884,22,10,10,24,27,10,22,13,26,10
9589,22,5,3,23,27,23,11,13,9,20
80014,10,3,19,3,4,9,7,15,3,18
55841,28,1,10,29,17,13,14,13,11,4
11059,19,3,18,3,4,2,7,15,16,18
25937,11,21,5,1,28,25,9,28,14,9
7494,20,6,2,18,2,4,6,21,28,2
331,10,27,19,26,16,9,20,11,20,1
7507,0,25,5,4,22,0,10,23,11,17
7508,6,10,29,17,7,7,3,3,19,23
7511,10,29,1,13,16,11,27,10,3,6
63929,27,18,26,14,17,25,19,0,6,10
7514,1,27,5,1,10,13,26,11,1,9
64328,1,4,26,18,10,4,12,21,0,0
23039,20,6,2,18,2,4,6,21,28,2
11260,22,5,28,17,25,1,25,16,25,29
9213,23,27,14,1,22,9,20,10,20,1
7515,22,18,28,2,17,23,22,22,13,23
7516,11,22,12,20,28,19,26,28,9,24
7518,18,11,13,12,25,10,14,17,25,29
7520,15,9,23,9,3,5,18,14,23,3
2547,6,10,29,17,27,7,28,3,17,8
54464,22,18,17,14,15,23,3,16,6,23
22803,19,3,8,26,16,9,7,2,20,18
152002,19,3,18,3,4,2,7,15,16,18
57002,23,15,5,26,22,28,20,26,20,17
10138,10,27,8,1,16,9,20,2,3,1
10413,14,7,3,23,27,23,11,22,10,27
8565,10,3,8,26,16,9,20,2,3,1
51067,7,27,14,1,10,28,9,26,3,17
4904,10,15,19,1,16,9,20,2,3,1
8531,23,27,14,26,16,9,20,2,20,1
150223,24,22,12,5,28,19,8,25,13,24
55689,19,3,18,3,4,2,7,15,16,18
8089,1,1,5,18,22,13,12,21,0,17
7525,19,3,18,3,4,2,7,15,16,18
7526,5,7,16,24,6,20,28,5,26,26
10897,0,25,4,4,22,0,10,6,22,17
90522,10,27,8,1,16,2,20,2,20,1
25844,28,0,28,0,6,27,28,23,11,2
84272,24,4,12,5,28,4,8,25,1,24
81555,10,27,5,26,16,9,20,2,3,1
286451,10,27,8,26,16,2,20,2,3,1
374887,19,3,18,3,4,2,7,15,16,18
10652,1,27,5,1,25,13,21,11,0,0
56252,5,8,29,0,19,7,14,5,26,8
10730,1,4,26,27,17,25,9,6,9,10
55432,11,22,12,20,1,13,26,11,1,9
29799,18,11,13,12,25,27,12,17,25,29
388403,18,11,13,12,25,1,21,17,25,29
83719,20,6,13,10,11,27,6,22,25,26
51646,2,12,11,19,14,24,13,24,2,22
91746,0,4,4,1,10,28,12,26,9,0
64848,18,11,13,12,25,1,21,17,25,29
54915,27,1,17,29,7,28,19,12,6,20
51441,20,6,2,18,7,4,6,21,28,2
253943,0,25,4,27,22,13,12,26,22,17
7529,29,8,1,1,26,11,0,10,20,6
7531,7,21,12,5,28,19,8,25,1,24
7532,28,4,28,27,7,3,12,26,9,28
7533,11,15,14,29,10,25,9,28,9,28
10971,19,3,18,3,4,2,7,15,16,18
7534,2,2,22,19,9,21,29,14,5,22
7528,10,29,1,13,26,11,27,10,20,6
284273,20,6,2,18,2,6,6,1,28,2
9189,11,22,12,1,1,13,26,28,1,9
84327,19,3,8,3,4,2,7,15,3,18
9889,24,21,12,5,28,19,26,25,13,24
58486,10,29,8,26,16,2,27,10,3,6
100381270,1,1,5,27,22,28,9,11,0,17
63920,18,11,12,12,25,1,21,16,25,29
114821,23,27,19,26,16,9,20,2,3,1
22890,18,21,13,12,25,1,21,17,25,29
65986,18,1,6,27,22,27,12,6,0,28
27107,10,15,19,1,16,9,20,2,20,1
7704,27,5,17,24,17,25,22,8,6,26
10472,1,8,6,0,22,28,12,23,11,4
57621,19,3,18,3,4,2,7,15,16,18
26137,11,15,14,1,1,9,20,2,1,1
49854,19,3,18,3,4,2,7,15,16,18
9841,11,27,14,1,22,19,26,28,1,9
10009,18,11,13,12,11,24,25,17,25,8
84614,19,3,18,3,4,2,7,15,16,18
253461,1,18,10,29,25,25,14,17,25,10
57659,11,22,21,1,1,19,26,28,1,9
9923,0,25,14,4,1,0,12,28,22,9
360023,23,29,14,13,16,11,27,10,3,6
23099,20,6,2,18,2,6,6,21,28,2
29068,10,29,8,26,16,9,27,15,20,18
9925,24,22,12,5,28,19,8,25,14,24
339487,21,12,11,22,9,26,18,24,2,22
51101,24,22,21,5,28,19,26,25,1,24
9877,6,2,29,17,27,3,3,24,19,8
85463,29,29,1,13,26,11,0,26,20,6
23091,2,24,23,24,14,26,1,24,19,22
79882,15,12,16,2,3,20,22,8,19,22
55854,3,7,16,10,9,7,1,22,2,26
124245,7,0,12,29,17,28,26,13,9,24
23211,23,1,14,1,22,25,26,11,0,0
376940,21,9,22,22,21,5,29,14,23,14
29066,24,22,21,20,28,19,28,25,13,20
23264,10,3,19,26,16,9,20,2,3,1
84524,27,8,17,14,17,27,19,0,6,10
56829,11,22,5,20,1,19,26,28,1,9
51530,29,29,1,29,16,9,0,10,11,1
54819,7,0,17,14,27,25,3,8,6,23
23318,23,27,19,1,16,9,20,11,1,1
23174,23,27,19,26,22,9,20,2,20,17
51538,1,27,19,18,16,9,20,11,20,17
54877,24,1,17,20,7,25,9,13,0,17
85364,22,0,11,2,6,7,13,12,15,8
29063,19,3,8,3,4,2,7,15,3,18
79670,7,0,28,27,15,25,19,23,6,0
84186,20,6,2,8,2,6,6,1,28,2
55596,5,10,2,0,15,10,6,16,26,8
84240,22,2,29,19,9,7,1,24,17,12
85437,23,15,8,26,16,9,27,2,20,1
57683,7,4,28,29,22,25,9,26,0,17
84885,28,0,28,24,7,3,19,12,6,28
54503,1,1,26,27,22,13,10,6,0,17
23390,19,15,8,26,16,9,20,2,3,1
253832,23,27,5,1,1,28,12,28,14,17
340481,0,25,4,4,22,0,12,26,11,17
51304,1,1,12,18,17,4,9,21,0,17
55146,0,4,19,1,10,0,20,26,20,17
64429,22,18,17,14,15,12,3,8,6,20
55625,5,0,6,27,6,3,28,12,11,28
51114,17,23,15,16,24,18,4,18,12,5
6935,13,16,27,23,20,15,2,27,10,27
9839,11,22,5,1,1,19,26,28,1,9
79752,3,4,4,29,22,3,14,13,9,0
90637,3,18,17,27,17,25,3,13,6,20
60685,10,29,8,26,16,11,27,10,3,6
7763,29,8,19,1,10,11,27,10,3,6
54469,22,18,29,17,15,12,22,8,8,23
441951,16,17,20,6,23,29,23,18,18,21
196441,2,24,22,22,14,21,22,24,19,16
463,29,8,6,17,22,11,0,23,24,4
79776,24,22,21,20,22,19,26,28,14,9
57677,1,0,12,29,7,13,10,26,1,17
22835,13,16,27,15,20,15,2,27,10,13
677,6,0,16,24,12,12,1,24,15,16
678,27,5,29,24,6,21,1,16,19,8
7539,28,0,4,24,7,27,3,13,9,28
643836,10,3,8,3,4,2,7,15,3,18
146198,18,15,5,12,10,1,21,28,1,9
80829,24,21,21,0,28,27,14,25,13,24
51663,10,3,8,26,16,9,20,2,3,1
7543,17,23,15,16,24,18,4,29,12,5
7544,29,8,10,13,26,10,0,23,26,4
9765,0,25,4,4,0,0,10,26,22,19
79038,10,15,5,1,16,9,20,2,20,1
9372,19,3,18,3,4,2,7,15,16,18
11244,17,17,15,2,24,18,4,18,19,12
7586,5,18,6,2,19,12,28,13,27,10
23660,16,17,20,6,23,29,23,18,18,21
84460,27,1,26,20,7,25,9,0,9,20
153527,10,29,8,26,16,2,27,10,3,6
64393,24,7,16,10,27,3,8,5,13,26
79698,11,15,5,20,1,19,26,28,14,9
55954,11,27,5,26,1,9,20,28,3,9
57178,16,17,20,6,23,29,23,18,18,21
10269,19,3,18,3,4,2,7,15,16,18
79830,17,23,15,16,24,18,4,29,12,5
7750,1,15,5,1,22,13,20,26,9,17
9202,6,2,16,19,12,21,1,8,19,22
9205,16,17,20,6,23,29,23,18,18,21
10771,10,27,8,26,16,9,20,2,3,1
23613,13,16,27,23,20,15,2,27,10,27
163227,7,5,17,14,19,27,19,0,6,20
64397,10,27,8,26,16,9,20,2,3,1
51427,11,15,19,20,1,9,26,28,1,9
7771,19,3,18,3,4,2,7,15,16,18
7559,19,15,8,3,16,2,7,10,3,18
7675,10,27,8,26,16,9,27,2,20,18
7678,11,22,12,5,1,19,26,28,14,24
7690,2,10,17,14,19,24,1,8,8,23
7693,15,9,7,11,13,22,16,20,21,11
7697,14,16,3,23,20,15,2,27,10,27
7699,11,22,21,5,28,19,8,25,1,24
7702,5,0,13,17,15,12,28,16,15,8
7705,28,18,6,27,17,13,9,6,9,17
7707,28,15,14,18,10,13,12,21,14,17
90338,23,27,5,1,22,9,20,26,0,17
339318,10,3,19,26,16,9,20,2,20,1
7738,24,22,12,20,28,13,26,25,14,24
7743,8,11,13,12,25,1,21,17,25,29
7748,1,15,14,20,17,28,9,28,0,9
10168,29,8,10,0,19,7,0,23,11,4
7752,1,1,4,27,22,0,10,26,0,17
7756,7,21,12,20,7,19,8,25,14,24
7764,6,18,16,10,19,24,1,22,26,10
51222,7,18,17,29,22,25,19,11,6,20
7570,5,4,6,29,17,25,14,23,0,0
7767,19,3,18,3,4,2,7,15,16,18
7769,1,27,5,18,10,4,12,11,1,17
7776,10,29,19,13,16,11,27,10,3,6
7572,8,11,13,12,25,1,25,17,25,29
57209,1,1,17,29,10,25,19,11,0,17
90987,0,0,6,29,22,28,10,6,11,4
9534,5,8,28,17,19,12,3,23,26,0
7574,11,27,19,26,1,9,26,28,20,9
339324,11,21,21,20,28,19,26,28,14,24
10127,19,3,19,3,16,9,27,15,3,18
10795,11,22,14,20,1,19,26,28,1,9
10793,24,21,14,27,17,13,8,25,13,24
10782,20,6,2,18,7,4,6,21,28,28
11179,6,10,16,2,9,20,22,8,15,22
140883,11,22,14,20,1,19,26,28,14,9
23528,29,8,19,13,26,11,0,26,24,4
57335,16,17,20,6,23,29,23,18,18,21
23036,23,22,21,20,17,19,10,6,1,17
7551,0,25,4,1,0,9,20,2,20,19
91975,19,3,18,3,4,2,7,15,16,18
55900,8,10,29,5,9,23,22,5,13,8
100131017,29,29,1,13,26,11,0,23,24,4
57693,3,10,16,24,14,20,22,22,15,8
24149,6,12,11,19,14,26,13,24,17,22
7580,19,3,18,3,4,2,7,15,16,18
162967,11,27,14,20,1,19,26,28,1,9
284695,19,3,18,26,4,2,7,2,16,1
27309,19,29,8,26,16,11,27,10,20,6
55422,19,3,18,3,4,2,7,15,16,18
84449,20,1,6,18,19,4,14,21,0,28
55713,10,15,19,13,16,9,20,26,3,1
26152,1,15,14,1,1,29,12,11,1,17
7581,5,10,10,0,7,12,22,16,15,8
7582,19,3,19,26,4,2,7,15,16,18
7584,28,25,6,27,10,13,10,13,8,0
59348,13,16,27,15,20,15,2,27,10,13
6940,10,29,19,26,16,2,27,2,3,6
117608,19,3,19,3,4,2,7,15,16,18
30832,17,23,15,16,24,17,4,29,12,5
140467,27,4,28,27,7,28,9,26,9,28
149076,19,3,18,3,4,2,7,15,16,18
100129482,7,4,17,14,10,25,9,0,0,20
163087,1,27,5,20,1,13,26,6,14,9
84124,19,3,18,3,4,2,7,15,16,18
84307,10,29,8,3,16,2,27,10,3,6
55786,0,25,6,29,10,27,10,26,11,0
79744,23,15,19,13,26,13,27,6,24,17
23090,10,29,8,26,16,9,27,2,3,1
79088,10,29,8,26,16,2,27,2,3,1
126299,10,3,18,26,16,2,7,2,16,18
7594,18,11,13,12,25,1,25,17,25,29
80264,29,29,1,13,26,11,27,10,24,6
170959,28,5,29,17,15,20,22,13,15,16
9668,6,2,11,2,12,20,3,24,15,12
163059,23,27,19,26,16,9,20,2,3,1
51710,29,25,1,13,0,0,27,26,22,1
126068,11,22,12,5,1,19,26,11,1,9
55311,17,17,15,6,24,18,4,18,18,21
353274,23,27,8,1,16,9,27,2,20,1
26036,8,21,28,29,25,23,14,22,25,26
58499,10,29,19,26,16,9,27,10,3,18
57573,25,2,10,2,2,6,1,16,19,2
197407,10,27,19,26,16,9,20,2,20,1
147657,11,27,14,26,1,9,20,28,14,1
158399,23,27,14,1,16,9,20,2,3,1
83744,28,4,26,29,22,27,14,21,8,28
284443,23,27,5,20,10,9,10,28,20,17
115560,24,21,21,27,17,12,8,12,13,24
91392,23,27,5,26,1,9,26,28,1,9
84858,28,0,26,27,17,27,19,13,6,0
440515,5,10,29,17,19,3,3,16,8,8
22847,15,24,16,19,12,24,18,14,19,12
118472,7,18,17,29,17,25,28,16,6,0
84450,19,3,18,3,4,2,7,15,16,18
9658,22,0,10,17,19,24,28,16,26,8
9849,11,27,5,1,1,9,26,28,20,1
85460,10,27,5,1,1,9,20,28,3,1
25925,10,29,19,26,16,9,27,2,20,1
84436,2,12,29,19,14,20,18,4,19,14
55205,19,3,18,26,4,2,7,15,16,18
27300,6,2,11,19,9,12,1,3,15,16
90233,0,8,6,29,22,0,10,26,11,17
148156,11,22,14,20,1,19,26,28,14,9
54811,24,2,10,29,6,27,14,13,26,16
84924,11,15,5,20,10,28,26,28,1,9
163081,23,27,5,20,1,9,9,2,0,17
374900,27,1,28,14,7,28,19,0,9,20
51157,27,18,17,24,7,25,19,0,0,10
199704,10,29,8,13,16,11,27,10,3,6
84914,18,11,13,12,25,1,25,17,25,29
51042,5,1,6,29,6,27,14,12,8,0
148103,24,21,21,20,28,19,26,25,13,24
100289635,1,15,5,18,22,4,12,6,0,17
57507,1,25,5,1,10,9,10,11,0,17
23060,10,29,19,26,16,2,27,2,3,6
81856,19,3,18,3,4,2,7,15,16,18
80110,19,3,18,3,4,2,7,15,16,18
284370,10,27,19,26,16,9,20,2,3,1
114991,10,29,8,26,16,9,27,2,20,1
253639,10,29,8,26,16,9,27,2,3,1
285268,10,29,8,13,16,11,27,10,3,6
90441,23,15,8,13,26,11,20,10,3,6
199777,1,4,26,0,7,28,9,6,9,4
199692,12,13,24,28,18,16,17,7,27,7
23361,10,27,5,26,16,9,20,2,20,1
27332,6,2,16,24,27,3,1,12,15,23
51193,7,27,5,1,10,13,9,6,1,17
84146,10,29,1,13,26,11,27,10,24,6
22834,27,18,10,24,27,25,3,8,6,10
55279,10,15,14,26,16,9,20,11,3,1
79027,28,4,28,27,27,28,28,13,8,20
285349,1,1,14,18,17,4,12,6,0,17
144348,7,4,17,29,22,13,9,6,0,17
63934,23,27,5,26,22,13,10,26,3,17
79862,20,6,2,8,2,6,6,21,28,2
171392,10,15,14,1,16,9,20,10,20,1
7553,22,10,29,24,6,21,1,8,8,8
619279,24,22,12,5,28,19,8,25,14,24
51123,2,7,11,17,11,20,13,22,17,12
7562,1,1,28,29,22,25,14,6,11,17
7552,21,6,2,8,2,6,29,1,28,12
148206,19,3,18,3,4,2,7,15,16,18
124411,4,20,0,21,13,14,16,9,29,11
170960,16,17,20,6,23,29,23,18,18,21
148203,10,29,8,3,16,2,27,15,20,18
7625,15,12,22,25,3,5,24,14,23,3
7627,5,10,29,24,19,7,14,16,26,16
91661,1,1,5,1,7,28,12,26,11,0
90321,16,17,20,6,22,29,23,18,18,17
54989,1,27,19,1,22,25,10,26,9,17
374928,19,3,8,3,4,2,7,15,16,18
285989,11,22,14,20,1,19,9,28,14,9
388536,10,15,14,26,16,9,20,10,3,1
163049,23,15,14,1,10,0,20,6,1,17
390927,0,1,4,29,22,0,12,26,11,28
7554,7,1,28,29,22,25,3,0,6,20
168850,19,3,18,3,4,2,7,15,16,18
388558,19,3,8,3,4,2,7,15,16,18
125893,19,3,19,3,4,2,7,15,16,18
55565,22,18,11,24,6,7,28,16,26,16
152485,18,11,13,12,25,1,25,17,25,29
55769,10,3,8,26,16,9,7,15,3,18
91603,27,5,26,27,7,4,14,12,6,0
7637,19,3,18,3,4,2,7,15,16,18
284391,11,27,5,1,1,9,26,28,1,1
344787,25,26,23,9,21,22,15,14,23,3
101060200,19,3,18,3,4,2,7,15,16,18
7644,22,0,6,0,6,10,28,5,8,16
168374,16,0,10,17,19,12,28,18,26,8
81931,1,4,5,18,16,13,12,11,3,17
10467,10,27,8,26,16,9,7,2,3,1
9326,7,1,28,27,22,25,9,26,6,10
54680,10,3,8,26,16,9,20,2,3,1
30834,27,1,26,29,22,28,10,6,14,0
84937,10,29,8,26,16,11,27,10,3,6
84133,1,1,5,29,10,28,12,6,9,17
8882,7,0,26,27,10,13,9,12,0,28
54764,1,1,26,12,17,27,21,21,0,28
9406,19,3,18,3,16,2,7,15,16,18
84083,10,3,18,3,16,9,7,15,3,18
8233,8,11,13,12,25,1,25,17,25,29
80345,11,4,14,5,28,19,26,25,1,10
65982,28,1,28,27,17,27,9,6,9,20
7741,16,13,20,28,23,16,23,18,18,7
146050,15,28,22,25,9,21,18,3,17,23
100101467,10,3,19,26,16,9,20,2,20,1
54925,15,9,23,9,21,22,29,14,4,22
7746,5,5,26,14,19,12,19,13,6,4
57688,24,22,21,5,28,25,8,25,1,24
125150,10,29,8,26,16,9,27,2,3,6
221302,10,29,1,13,26,11,27,10,24,6
9183,28,0,10,17,27,12,28,12,26,8
55055,23,27,14,26,1,9,20,11,1,1
11130,23,25,14,1,10,13,9,6,20,17
79699,24,21,3,29,7,23,11,13,0,0
7791,11,15,14,20,1,28,26,11,14,9
26009,10,29,8,26,16,9,27,2,20,18
65985,12,24,24,28,14,24,17,7,27,7
25980,20,6,2,18,2,6,6,21,28,2
441376,11,15,19,1,1,9,20,11,1,9
57505,10,15,5,1,16,9,20,11,3,1
80755,3,6,6,18,22,27,28,13,28,2
19,10,15,5,26,16,9,27,2,22,1
154664,7,18,26,14,15,25,19,0,6,10
21,11,15,14,1,1,19,26,11,1,9
10347,20,6,2,8,2,6,6,21,28,2
5243,24,21,16,10,27,23,3,22,13,12
23456,20,6,2,18,2,4,6,1,28,28
5244,0,4,28,29,10,13,12,26,11,17
11194,1,1,28,27,17,4,9,11,0,0
23457,15,9,0,11,21,8,24,4,4,14
4363,1,8,6,29,22,10,14,23,11,0
89845,23,27,8,26,16,13,20,2,3,1
10257,11,22,12,20,1,19,26,28,1,9
368,10,27,19,3,4,9,20,2,20,1
10060,0,25,14,4,0,0,12,11,22,19
225,1,15,5,1,22,28,9,11,14,9
55324,10,29,19,26,16,9,27,2,3,6
55347,28,0,29,2,27,27,3,5,26,10
83451,10,27,8,26,16,9,20,2,20,1
26090,27,1,26,27,7,27,14,13,6,28
84836,23,21,5,29,22,28,26,28,9,9
116236,11,21,5,1,17,13,9,28,14,9
81926,7,0,26,27,7,28,19,12,9,28
51104,7,1,26,29,22,25,19,0,6,0
58489,21,24,23,2,14,20,1,16,17,12
80167,19,3,18,3,4,2,7,15,16,18
171586,11,21,21,5,28,19,26,28,14,9
63874,24,21,12,5,28,19,8,25,13,24
51099,7,18,28,14,7,25,9,0,6,20
57406,7,15,14,27,10,13,12,11,9,0
27,19,3,8,26,4,9,20,15,3,1
84448,28,10,29,24,9,3,22,12,6,23
31,23,27,5,20,1,9,20,28,14,9
32,9,26,23,9,21,8,15,4,23,3
27034,18,11,13,12,25,1,25,17,25,29
28976,23,15,5,1,10,13,9,11,9,9
35,19,3,18,3,4,2,7,15,16,18
9744,19,3,18,3,4,2,7,15,16,18
116983,20,10,10,18,27,3,6,5,15,8
79777,2,5,11,24,11,20,1,24,8,16
414149,5,22,10,0,19,12,8,16,13,16
84680,11,1,21,20,28,19,8,0,1,24
8309,28,8,10,0,19,27,14,13,26,8
8310,6,2,29,2,6,7,1,5,17,16
51205,5,0,6,0,27,10,14,12,11,17
55,10,15,14,26,16,2,20,2,20,1
84519,0,25,5,4,22,28,10,11,0,17
80221,28,5,28,27,6,20,3,5,8,12
197322,14,16,3,23,20,15,11,27,6,27
55902,10,27,5,1,16,9,20,2,20,1
58,22,5,17,14,15,12,22,8,15,23
59,1,22,21,1,17,13,26,6,1,17
70,10,27,14,1,16,9,20,2,20,1
100418910,8,11,13,12,11,1,25,17,25,29
72,19,3,8,3,4,2,7,15,16,18
57180,22,18,6,24,27,25,19,8,15,8
79913,7,27,5,1,17,25,9,28,9,9
90,20,6,2,8,6,6,6,1,17,2
130399,28,5,26,24,27,3,14,12,6,0
100,28,0,28,17,17,29,23,18,11,17
8728,1,25,4,29,22,0,10,26,22,17
53616,23,15,5,1,10,9,20,11,20,17
8745,5,8,26,0,19,10,14,12,14,10
81794,10,29,8,13,16,11,27,10,3,6
81792,1,27,5,26,22,28,20,6,3,17
170692,23,25,14,26,16,0,20,2,3,1
9509,22,8,10,2,19,7,14,16,26,4
80070,16,17,20,6,23,29,23,18,18,21
9508,24,22,21,20,28,19,8,25,14,24
11173,11,21,21,5,28,27,8,25,13,24
54507,19,3,19,26,4,2,7,15,16,18
104,11,22,21,1,28,19,8,11,1,9
134637,18,25,5,1,22,13,12,26,14,17
57143,24,22,12,20,28,19,8,21,13,24
90956,19,3,18,3,4,2,7,15,16,18
203054,23,27,8,26,16,9,20,2,20,1
107,7,4,5,29,22,25,9,6,0,20
109,27,18,17,14,15,25,19,0,6,20
112,3,18,11,0,6,12,14,16,15,8
113,3,5,29,24,9,12,22,5,17,8
119,18,11,5,29,25,1,21,17,0,17
577,10,29,8,3,16,11,27,10,3,6
976,23,27,5,26,16,9,20,2,3,1
137872,24,22,12,5,28,19,26,25,9,24
141,3,6,2,18,6,12,6,21,28,28
54936,1,1,26,18,10,4,12,21,9,28
122622,10,3,8,26,16,9,27,2,20,1
165,28,1,28,24,7,10,3,13,6,28
64782,1,22,26,5,1,19,26,6,14,0
84632,21,28,22,22,9,21,24,3,7,3
4299,23,3,8,26,16,9,20,2,20,1
2334,23,4,8,26,10,9,20,2,20,17
125061,23,27,14,1,22,28,12,26,20,17
116988,10,29,19,26,16,11,27,10,3,6
119016,13,16,27,15,20,15,2,27,10,13
414189,2,2,22,22,14,21,24,19,7,12
642517,19,3,18,3,4,2,7,15,16,18
79841,27,18,17,14,15,10,19,16,6,23
340351,11,15,14,18,10,28,26,21,1,17
177,1,25,14,4,0,0,11,6,22,17
3268,0,25,14,4,0,0,10,11,22,19
55750,28,0,10,0,19,27,28,17,26,29
79814,10,27,19,26,16,9,20,2,3,1
10555,23,25,4,27,22,13,10,11,22,17
23382,10,27,8,26,16,9,20,2,20,1
27245,24,21,10,5,28,23,8,22,26,10
79026,15,12,9,22,8,5,29,4,5,22
113146,7,1,17,14,17,25,9,0,6,20
64853,6,7,23,22,11,26,1,19,2,12
83543,3,5,29,2,9,12,22,5,26,16
84883,3,0,11,10,9,3,22,22,8,8
9447,19,3,8,26,4,2,7,2,20,18
203,19,3,18,3,4,2,7,15,16,18
26289,0,1,26,27,7,25,9,11,6,17
122481,2,2,29,25,12,12,1,5,19,22
8165,23,15,5,20,22,28,9,28,9,17
10566,10,27,19,1,16,9,20,2,20,1
9495,11,22,12,20,1,9,26,28,14,9
9465,2,7,16,10,9,24,1,22,2,26
80709,5,5,10,0,19,28,19,13,11,28
1645,24,21,12,5,28,19,8,25,13,24
126133,7,4,26,14,19,25,19,0,6,20
216,23,27,14,1,22,28,10,11,9,0
8854,6,12,10,19,9,21,22,24,19,22
219,27,1,14,20,17,25,9,11,6,0
160428,23,1,5,20,22,25,9,6,9,17
230,3,5,10,0,19,12,28,16,8,8
56052,0,25,4,1,0,0,20,2,22,19
84920,16,17,20,6,23,29,23,18,18,21
144245,18,11,28,18,27,1,14,22,28,28
440138,10,27,5,26,16,13,20,2,3,1
79087,28,18,26,14,6,25,19,0,8,20
199857,19,3,18,3,4,2,7,15,16,18
29929,1,4,5,20,17,9,20,28,0,9
79796,29,8,1,13,26,11,0,23,24,4
8846,18,11,13,12,25,1,21,17,25,29
121642,13,16,27,15,20,15,2,27,10,27
221120,29,29,1,13,26,11,0,23,24,6
54784,19,3,8,3,4,2,7,15,16,18
91801,27,1,17,29,7,25,19,6,9,10
245,29,8,6,0,26,11,0,23,24,4
249,26,20,0,11,29,14,16,20,29,25
130540,10,3,19,26,16,9,20,2,3,1
8092,1,4,26,1,22,13,10,26,22,17
257,5,18,16,17,15,12,13,16,26,8
23600,24,22,12,5,28,19,8,25,13,24
55626,0,25,4,4,0,0,10,11,22,19
51005,1,4,26,10,25,23,11,22,9,0
139285,1,25,4,1,22,0,12,6,22,17
219287,1,27,5,1,10,28,9,28,14,9
268,22,12,11,24,9,21,29,3,23,12
57463,10,15,8,26,16,9,20,2,20,1
347902,23,27,14,20,22,13,10,11,0,0
271,1,4,19,18,22,28,10,6,0,17
272,16,17,20,6,23,29,23,18,18,21
273,27,18,6,17,15,10,19,13,15,8
275,3,0,10,0,27,20,28,12,26,26
64682,10,15,19,26,16,2,27,2,3,6
283,24,1,1,27,7,28,0,22,24,20
23357,2,7,22,22,11,26,24,24,17,22
285,24,21,12,5,28,19,21,26,1,24
23452,11,15,14,20,1,9,26,11,1,9
51129,23,1,26,27,7,28,10,26,9,17
150709,18,11,6,12,25,1,21,11,0,29
348094,18,11,13,12,25,1,21,17,25,29
56172,27,1,26,14,7,25,19,0,9,0
54882,29,29,1,13,26,11,27,10,24,6
51281,1,4,4,20,22,0,12,26,11,0
338692,25,24,11,25,9,20,29,24,19,12
253650,23,27,5,26,16,13,10,26,20,1
441459,19,3,18,3,4,2,7,15,16,18
84079,23,15,19,26,16,11,20,10,3,6
651746,26,28,15,16,13,22,16,29,4,5
148741,7,4,14,1,22,28,10,26,20,17
353322,7,18,17,14,15,13,3,0,6,20
91369,1,27,26,27,22,28,9,0,11,17
338699,1,4,5,1,10,28,9,11,9,17
283373,10,15,8,26,16,11,27,2,3,6
441869,16,17,20,6,23,18,4,18,18,21
122416,10,15,8,26,16,9,20,2,3,1
56899,20,6,14,18,22,4,12,21,0,2
203286,29,8,1,1,26,11,0,23,24,4
57101,10,29,19,13,16,11,20,10,24,6
57719,27,18,17,14,15,13,19,0,11,20
301,19,3,18,3,4,2,7,15,16,18
306,19,3,18,3,4,2,7,15,16,18
162,2,10,23,19,12,26,29,24,17,22
1174,0,4,14,4,22,0,12,26,22,19
130340,29,29,1,13,26,11,27,10,24,6
10717,28,5,26,27,27,12,3,12,6,28
91056,3,21,12,10,22,23,0,22,14,24
9907,10,27,5,1,22,9,20,2,20,17
9546,8,11,13,12,25,1,25,17,25,29
10307,3,5,10,27,7,12,28,5,6,8
10297,23,25,14,1,0,13,12,11,20,1
27301,27,18,17,14,15,25,3,0,6,10
83464,7,27,26,27,22,27,19,0,9,17
200558,14,21,3,23,7,23,11,22,0,28
335,20,6,2,8,2,23,11,1,28,26
338,8,7,16,10,14,23,11,22,25,26
27350,19,3,19,26,16,9,20,2,3,1
200316,15,2,22,22,9,26,29,4,7,12
341,10,29,19,26,16,2,27,15,3,6
81575,11,27,14,20,1,19,26,28,14,9
55937,11,27,5,1,10,9,9,6,20,17
360,28,1,4,4,22,0,0,26,22,17
367,0,25,4,4,0,0,12,11,22,19
369,20,6,2,8,2,6,6,1,28,12
116985,0,0,4,29,22,10,14,13,11,10
64411,27,5,28,29,27,10,8,25,15,20
9870,21,2,16,24,9,3,1,5,17,23
381,1,15,5,1,10,25,20,26,0,1
23647,6,7,16,0,9,7,22,3,2,26
10139,20,4,2,18,2,4,12,21,28,2
392,19,3,18,3,4,2,7,15,16,18
79658,10,29,8,26,16,9,27,2,20,1
9824,22,10,11,2,14,7,22,24,15,12
89839,10,27,8,26,16,9,20,2,20,1
93663,10,3,8,26,16,2,27,2,20,1
84986,22,5,11,24,6,10,22,16,19,22
9938,9,14,0,11,8,5,18,4,4,14
115703,18,11,13,12,25,23,25,22,25,29
80728,29,8,1,29,19,27,0,23,26,4
9912,10,27,8,26,16,9,20,2,20,1
23526,20,6,2,8,9,20,6,1,28,2
395,10,29,8,1,16,9,27,2,3,1
9639,16,17,20,6,23,29,23,18,18,21
55160,19,3,18,3,4,2,7,15,16,18
9826,19,3,8,3,4,2,7,15,16,18
27237,9,9,9,11,13,22,15,20,4,3
9828,18,4,13,12,25,1,21,17,25,29
128272,22,24,11,17,9,20,1,24,19,23
115557,10,15,5,1,22,9,20,2,20,1
50650,11,21,12,5,28,19,26,25,1,9
100271715,1,1,26,26,22,25,9,6,0,0
389337,10,29,8,26,16,11,27,10,3,1
84904,14,15,3,23,10,9,11,2,3,1
9459,2,24,16,2,9,20,22,3,19,12
10865,19,3,18,3,4,2,7,15,16,18
54622,22,0,16,2,9,10,28,3,8,8
84100,11,27,5,1,1,9,26,2,1,9
84071,0,0,4,4,0,27,14,12,11,19
79798,17,23,15,16,24,17,4,29,12,5
93436,0,25,5,29,10,13,12,26,9,0
79637,11,22,12,5,1,0,10,6,1,17
64860,7,4,26,27,22,13,9,6,9,0
54470,7,1,5,27,7,25,9,6,0,17
9915,11,22,12,20,1,19,8,28,14,24
406,10,27,19,26,16,9,20,2,3,1
56938,28,4,6,10,7,23,21,12,0,29
27106,26,14,7,11,29,8,16,9,4,25
410,10,29,8,26,16,11,27,10,20,6
411,7,5,17,14,17,23,11,22,6,26
22901,29,29,1,13,26,11,27,10,24,6
340075,5,8,6,17,19,10,0,5,26,4
116969,22,1,17,14,15,12,19,0,6,20
55616,10,3,19,3,16,9,7,15,16,18
79754,10,15,19,26,16,9,20,2,3,1
51130,8,6,13,18,11,27,25,17,25,29
51666,1,27,26,1,10,25,20,2,0,17
140459,29,29,1,13,26,11,27,10,24,6
140460,10,27,5,1,22,9,20,2,0,1
55723,27,15,5,27,22,25,9,28,9,9
432,5,5,10,2,9,7,1,5,19,8
41,18,11,26,18,25,13,21,6,0,29
435,11,27,19,1,1,19,26,6,1,1
57168,24,21,21,5,28,23,8,25,13,24
445,10,29,19,3,16,9,27,10,3,6
28990,24,22,12,20,28,19,8,25,13,10
460,7,0,28,29,7,27,19,0,0,20
23245,11,15,5,20,1,9,20,11,14,9
55210,3,0,28,0,17,10,3,12,11,10
83858,22,0,28,10,27,20,28,22,8,26
85300,11,27,14,1,1,9,9,28,0,9
1388,2,18,16,24,15,24,3,5,15,8
11016,24,21,12,10,28,23,11,22,13,24
83734,19,3,8,3,4,2,7,15,16,18
9776,10,29,8,1,16,9,27,10,20,6
55054,8,7,11,10,11,23,22,19,26,26
89849,19,3,18,3,4,2,7,15,16,18
55102,5,0,10,2,27,27,14,16,8,10
115201,6,2,16,19,14,24,18,19,19,8
84971,3,0,17,10,27,3,22,12,14,28
10533,6,10,29,24,19,10,28,16,26,8
79065,11,27,5,20,1,19,26,28,1,0
285973,1,15,5,29,22,28,12,26,11,17
25923,7,15,12,13,7,28,9,11,9,17
84913,20,6,2,8,2,6,6,1,28,12
57130,28,4,26,27,7,25,3,12,9,10
477,0,25,4,4,0,0,12,26,22,19
482,27,18,17,14,17,25,9,0,9,10
91419,7,5,17,14,17,12,14,0,6,10
23545,5,0,6,2,27,10,19,12,8,16
245973,29,8,1,13,26,11,0,23,24,4
90423,11,15,14,1,1,9,20,6,20,17
534,10,27,19,26,16,2,20,2,3,1
538,28,0,26,29,22,0,19,26,11,17
10396,7,27,26,27,7,28,19,11,9,20
57198,1,4,26,18,22,4,12,21,0,28
148229,0,4,26,27,0,28,12,6,22,17
10079,7,5,17,14,15,25,19,0,6,10
91647,19,3,18,3,4,2,7,15,16,18
84126,7,0,26,14,22,28,19,6,6,20
8455,19,3,18,3,4,2,7,15,16,18
342371,19,3,18,3,4,2,7,15,16,18
222255,8,11,13,12,25,1,25,17,25,29
79000,18,6,2,27,7,27,28,21,9,28
9212,23,27,14,1,16,9,20,2,3,1
10677,11,21,21,1,28,13,10,25,9,0
60370,24,22,21,5,28,19,8,25,13,24
126859,1,15,5,26,1,9,20,11,0,1
8312,19,3,18,3,4,2,7,15,16,18
8313,19,3,8,26,4,9,7,15,20,18
558,1,5,10,18,22,4,28,21,8,2
113451,29,8,1,13,10,11,0,23,11,4
8705,6,2,16,10,9,20,1,24,15,22
10317,23,27,5,26,10,9,20,2,3,1
27087,11,22,21,5,28,19,8,25,13,24
10678,11,22,21,20,1,19,8,28,14,24
84752,3,2,11,2,9,24,1,24,19,8
146712,11,15,14,20,1,9,20,2,14,1
2683,10,27,14,26,16,9,20,2,3,1
8703,10,15,8,26,16,9,20,2,3,1
9331,15,28,22,9,21,5,18,4,5,22
79870,24,22,21,20,17,19,8,25,13,24
25825,29,15,1,13,26,11,27,10,20,6
60468,10,3,8,26,16,9,7,15,20,1
9531,6,24,16,19,14,24,22,3,19,22
57597,19,3,18,3,4,2,7,15,16,18
22893,19,3,18,3,4,2,7,15,16,18
55971,1,21,26,29,22,4,14,21,0,0
8938,1,15,19,26,1,9,20,2,20,1
578,29,8,1,13,26,11,0,23,24,6
54971,0,25,4,1,22,0,21,6,1,0
27113,23,27,5,26,10,9,20,11,3,1
582,11,22,21,20,28,19,26,28,14,9
79738,24,21,21,5,28,23,8,25,13,24
166379,16,17,20,6,23,29,23,18,18,21
129880,10,27,14,26,16,9,20,2,3,1
27241,3,0,10,24,19,27,14,12,8,8
4059,19,3,8,3,4,2,7,15,16,18
8412,10,3,8,3,16,2,20,2,16,1
587,27,5,28,27,17,27,19,13,9,10
144233,24,22,21,5,28,19,8,25,13,24
590,11,15,14,1,1,19,26,28,1,9
596,1,0,28,27,19,27,10,13,11,28
10018,1,21,26,29,7,13,11,0,11,10
599,24,22,12,29,28,4,12,25,11,24
604,10,15,5,26,10,9,20,2,20,1
283149,0,25,4,1,22,28,10,6,0,17
53630,29,29,1,13,26,11,27,10,24,6
63035,1,27,8,4,10,0,10,6,20,17
622,19,3,18,3,4,2,7,15,16,18
57673,28,1,28,29,19,28,9,23,11,0
389206,9,14,23,7,5,8,15,4,4,3
7439,3,0,6,17,27,3,19,12,11,28
51272,20,6,2,8,2,6,6,1,28,2
80114,22,5,16,24,27,27,1,16,8,10
637,10,29,8,13,16,11,27,10,3,6
274,1,1,19,1,10,28,9,28,0,17
332,29,15,1,13,26,11,27,10,24,6
649,10,29,1,13,26,11,27,10,24,6
650,23,27,5,1,10,9,12,11,0,17
55589,23,1,5,1,7,28,9,0,20,17
652,24,21,28,18,10,3,8,25,14,24
653,3,6,28,29,19,27,3,12,26,28
658,0,25,4,1,0,0,10,26,22,19
399761,19,3,18,3,4,2,7,15,16,18
91653,10,27,5,1,1,9,20,11,20,1
666,5,0,28,0,6,10,14,12,26,16
23246,28,0,10,0,7,3,12,13,11,8
79866,29,8,1,13,26,11,0,23,24,4
118426,11,27,5,1,1,19,26,28,1,9
54785,11,27,14,20,1,9,20,11,20,9
729991,10,29,8,26,16,2,27,2,3,1
221927,0,25,26,27,22,28,10,26,0,0
2972,22,5,11,24,11,24,28,16,26,16
140707,1,1,5,27,22,28,19,26,9,17
283870,23,15,5,26,10,13,20,2,3,1
57795,23,27,14,1,10,28,9,11,9,17
7862,28,0,6,0,17,10,12,23,26,28
84446,23,29,5,26,16,11,20,2,3,6
55643,23,27,14,26,22,9,10,6,3,17
90135,24,22,21,20,28,13,8,25,13,24
284697,11,25,4,20,1,19,10,11,1,9
114781,19,3,18,3,4,2,7,15,3,18
686,29,8,1,0,26,11,0,23,24,4
54718,27,1,12,14,17,13,9,11,11,0
11119,24,21,12,18,28,4,8,21,13,16
11118,28,4,26,27,7,13,9,26,9,10
10384,13,23,27,15,24,17,2,29,12,5
11149,19,3,18,3,4,2,7,15,16,18
114900,24,22,12,5,28,19,8,25,13,24
114904,23,27,14,26,16,9,20,2,3,1
715,28,4,6,27,19,28,14,16,9,28
716,0,25,4,4,0,0,10,26,22,19
25966,18,11,13,12,25,1,21,17,25,29
26005,1,4,26,18,25,4,21,21,0,17
126567,0,25,4,4,0,0,10,26,11,19
727,10,29,19,1,16,9,27,2,20,18
23632,10,29,8,13,16,9,27,2,20,6
760,7,8,26,29,19,28,9,16,11,4
11238,22,10,16,17,9,7,3,12,26,10
767,5,8,10,0,14,24,28,5,26,16
81928,19,3,18,3,4,2,7,15,16,18
9478,28,5,29,17,19,10,14,12,11,8
26256,0,25,4,4,0,0,12,26,22,19
11094,29,8,1,0,19,27,0,23,24,4
57685,1,25,19,1,22,28,9,6,0,17
773,20,6,2,8,2,6,6,1,28,2
775,10,3,8,3,16,2,27,10,3,6
8913,24,21,12,5,17,3,8,25,14,0
8912,16,17,20,6,23,29,23,18,18,21
9254,29,29,5,1,16,11,20,10,20,1
783,10,29,8,26,16,2,27,2,3,6
785,15,12,11,19,3,5,13,14,2,14
27092,10,29,19,13,16,11,27,10,20,1
58509,5,10,11,0,15,12,1,0,15,8
790,5,5,29,24,6,7,1,3,17,8
57863,10,27,5,26,16,9,20,2,20,1
793,10,3,8,26,16,9,27,2,16,1
10203,24,22,12,5,28,19,8,25,13,24
91860,10,15,14,26,16,9,20,2,20,1
83698,7,1,17,27,7,25,9,25,9,20
50632,23,4,28,18,22,4,10,21,1,28
8536,7,15,5,14,22,25,9,0,0,20
57118,21,24,23,8,21,6,29,1,7,12
57172,7,15,26,29,22,25,9,11,0,9
815,16,17,20,6,23,29,23,18,18,21
816,29,1,14,13,22,11,0,23,24,4
818,27,22,21,2,19,24,28,25,13,8
814,23,27,14,1,1,9,20,28,3,1
79823,23,27,14,26,10,28,10,11,3,17
57662,1,1,5,29,22,28,12,23,0,17
23125,15,26,9,11,13,22,16,20,29,25
23066,19,3,18,3,4,2,7,15,16,18
822,11,22,26,20,1,0,26,28,11,9
11132,20,6,28,18,22,4,6,21,28,2
147968,3,0,6,2,19,10,28,13,8,28
726,10,29,8,26,16,2,27,15,16,6
84270,23,22,21,18,17,4,8,21,14,0
79800,10,29,1,13,26,11,27,10,20,6
55259,11,29,12,13,1,9,20,6,14,1
255082,12,13,24,28,18,16,17,7,27,7
57513,28,4,26,27,19,10,12,6,22,0
840,19,3,18,3,4,2,7,15,16,18
842,9,28,23,22,21,26,29,19,5,3
847,14,16,3,23,20,15,2,27,10,27
57828,24,22,21,5,28,19,8,25,14,24
863,21,24,11,25,12,3,18,24,19,16
220869,1,4,14,1,22,28,9,6,9,0
644019,19,3,18,3,4,2,7,15,16,18
8535,19,3,18,3,4,2,7,15,16,18
57332,0,1,4,20,22,13,10,28,9,9
54862,23,27,14,26,10,9,9,11,20,1
200014,11,15,5,20,10,19,26,11,14,9
92922,19,3,18,3,4,2,7,15,16,18
29903,23,27,1,29,22,13,9,26,24,0
256309,27,4,6,0,6,10,28,0,8,16
79635,11,4,12,20,1,13,12,11,1,9
90693,20,21,2,18,17,4,28,21,28,28
133957,1,4,5,1,22,13,12,26,9,17
152206,1,4,26,27,22,28,9,13,11,17
79879,29,8,6,29,22,7,0,23,11,4
84865,14,16,3,23,20,15,2,27,10,27
348254,18,21,13,29,25,27,14,25,9,0
130940,20,10,10,2,27,10,6,5,13,28
80071,10,15,8,1,16,9,20,2,3,1
284992,0,25,4,4,0,0,12,26,22,19
283152,16,17,20,6,23,29,23,18,18,21
550631,11,27,5,1,1,28,26,28,1,9
126075,27,4,26,29,17,13,9,12,9,28
80129,29,8,1,13,26,11,0,23,24,6
729665,2,24,29,25,14,21,13,14,2,12
100499483,5,8,6,0,19,0,12,23,11,19
84960,7,0,6,24,27,3,12,13,6,28
387856,1,4,14,29,22,25,9,0,9,17
90835,7,0,26,29,7,28,10,6,9,28
28952,17,23,15,16,24,18,4,29,12,5
149473,28,2,10,24,9,23,3,22,8,10
80125,10,3,8,3,16,2,7,2,16,18
339829,1,27,5,1,10,13,10,26,9,17
55036,23,1,19,1,10,28,9,26,0,17
79714,21,24,23,9,14,5,29,14,23,22
284001,20,6,2,18,2,4,6,21,28,2
160777,0,25,4,1,22,28,10,26,22,17
85478,6,7,16,10,27,20,22,19,19,26
26112,19,3,18,3,4,2,7,15,16,18
79741,10,3,8,26,4,9,7,15,3,18
64925,23,15,19,1,16,9,27,2,20,1
168455,10,27,8,26,16,9,20,2,20,1
90557,14,16,3,23,20,15,2,27,10,27
91409,11,21,5,1,17,28,26,6,1,0
11007,19,3,18,3,4,2,7,15,16,18
79080,11,15,14,26,10,9,20,11,20,1
283234,11,22,12,5,1,19,26,25,1,24
26093,19,3,19,3,4,2,7,15,3,18
55702,10,3,8,3,16,9,20,2,20,1
257236,29,29,1,13,26,11,27,10,24,6
885,28,0,26,29,7,3,9,13,0,0
6347,29,29,1,13,26,11,27,10,24,6
8900,2,0,10,24,6,20,1,8,19,8
896,10,15,8,26,16,9,20,11,20,1
898,5,8,6,0,26,10,0,23,0,4
9134,18,22,13,12,25,1,25,17,25,29
79616,7,18,17,14,15,12,19,8,6,23
9236,1,15,5,26,10,9,20,2,3,1
126731,21,2,23,2,11,24,24,16,2,8
10693,21,24,23,8,9,20,1,1,2,12
643253,20,6,2,18,6,27,1,16,28,16
9936,11,22,5,18,10,19,26,28,14,17
51293,22,0,26,24,15,25,19,8,8,10
948,1,4,14,29,10,25,19,6,0,20
951,19,3,8,3,16,2,20,2,16,18
10849,10,15,19,26,1,9,20,28,20,1
1604,19,3,18,3,4,2,7,15,16,18
965,23,21,21,5,28,19,8,25,14,24
972,10,27,8,26,16,9,20,2,3,1
3732,24,1,12,5,7,25,28,25,14,24
401577,3,1,26,29,7,27,12,12,0,0
146059,9,9,9,11,8,22,18,20,5,15
8556,10,3,8,3,4,2,7,15,3,18
991,19,3,18,3,4,2,7,15,16,18
993,29,29,1,13,26,11,0,10,24,6
995,28,1,10,29,7,27,19,13,9,28
246184,1,15,5,26,10,9,12,2,9,17
23580,1,1,14,1,22,28,9,26,0,17
8318,22,5,17,17,15,3,28,5,26,26
990,19,3,18,3,4,2,7,15,3,18
8317,22,2,10,0,6,7,22,5,8,8
157313,1,25,5,29,22,13,10,26,14,17
83461,1,27,5,1,10,9,20,2,20,1
55038,1,4,26,18,7,28,11,22,0,17
83879,19,3,8,26,4,2,7,15,3,18
1008,9,28,9,9,12,5,18,4,5,3
1010,28,4,10,17,19,13,19,13,26,0
1004,16,17,20,6,23,29,4,18,18,21
1006,8,11,13,12,11,1,25,17,25,29
1007,6,24,22,19,9,21,18,24,15,22
728642,11,21,12,20,22,28,9,11,1,9
5129,23,27,5,1,1,28,26,11,14,17
23552,1,25,5,29,22,25,12,0,0,17
8099,19,3,18,3,4,2,7,15,16,18
1020,2,5,16,2,11,24,1,16,19,23
8851,10,29,1,13,26,11,27,10,24,6
8941,19,3,18,3,4,2,7,15,16,18
8999,27,0,17,29,15,25,19,0,9,0
51265,29,8,1,13,26,11,0,23,24,4
6792,1,25,14,4,0,0,10,26,22,17
1026,1,4,5,29,10,13,10,6,0,17
1031,28,18,17,10,27,23,3,22,6,0
1032,11,4,14,1,1,9,20,2,3,1
1033,10,3,8,26,16,2,27,2,20,6
441549,5,0,10,24,6,10,14,13,6,28
150383,20,6,2,18,2,4,6,21,28,2
1038,24,22,12,1,1,19,11,25,14,9
1039,6,10,28,2,27,3,28,3,15,8
1040,2,12,16,25,12,20,22,3,17,8
81620,10,27,5,1,1,9,20,2,20,1
124359,5,6,2,2,19,10,6,24,28,8
51816,5,2,11,2,27,12,1,12,15,8
27439,1,27,5,26,22,13,20,6,20,17
11189,23,1,5,29,10,13,9,26,0,17
56853,19,3,18,3,4,2,7,15,16,18
60680,0,25,4,4,0,0,12,6,22,19
1058,10,3,8,26,16,9,20,2,3,1
65996,1,1,6,29,19,27,14,26,9,0
2491,29,8,1,13,26,11,0,10,24,6
91687,28,0,28,24,17,3,3,5,8,10
79019,7,0,14,29,17,13,12,13,9,10
79172,23,22,12,20,1,13,26,28,11,9
401541,23,27,19,26,16,13,20,2,3,1
378708,11,27,14,20,1,9,20,28,3,1
80152,19,3,18,3,4,2,7,15,16,18
22994,11,21,21,1,1,19,26,28,1,9
283638,19,3,8,26,16,9,20,2,20,18
645455,20,6,2,8,2,6,6,1,28,2
84984,21,28,23,22,8,22,24,19,7,14
55125,1,1,26,4,22,25,10,26,0,0
55165,5,5,10,24,15,12,3,16,26,16
55722,19,3,18,3,4,2,7,15,16,18
79959,19,3,18,3,4,2,7,15,16,18
64793,25,26,9,11,13,22,15,9,29,11
387119,1,27,5,1,10,19,26,6,0,9
51148,2,24,16,25,9,24,13,24,17,22
375298,23,27,14,29,10,9,9,11,11,9
10715,1,27,5,1,22,9,12,11,0,17
23491,7,1,26,29,7,25,9,0,9,17
55779,19,3,8,3,4,2,7,15,16,18
25790,10,3,8,26,16,9,20,2,20,1
54777,17,23,15,16,24,18,4,29,12,5
286464,5,8,6,0,22,13,28,23,11,4
220136,1,1,5,1,22,28,12,26,9,17
149465,23,27,5,1,17,19,26,11,1,9
159686,8,11,13,12,11,1,21,17,25,29
255101,1,25,26,1,22,13,12,11,22,17
79846,11,22,12,20,1,13,9,28,1,9
55997,28,4,6,27,7,28,3,13,11,28
1675,10,29,14,1,16,9,27,2,20,1
57530,5,10,10,2,9,12,1,5,8,16
494143,28,25,4,27,10,3,10,12,9,28
8208,1,21,26,27,22,28,10,11,1,17
26038,23,15,19,1,16,9,20,11,3,1
55349,1,6,28,18,17,4,6,21,28,28
11200,19,3,18,3,4,2,7,15,16,18
10523,22,10,29,19,9,10,13,5,19,23
10752,10,3,19,3,4,9,7,2,3,18
92421,0,25,4,4,1,0,12,11,22,17
79643,19,3,18,3,4,2,7,15,16,18
140578,29,29,1,13,26,11,27,10,24,6
79586,19,3,18,3,4,2,7,15,16,18
54480,11,22,12,20,28,19,26,28,1,9
56994,19,3,18,3,4,2,7,15,16,18
54108,21,28,23,19,8,5,29,14,2,22
1131,1,1,26,29,7,28,12,12,1,20
1136,19,3,18,3,4,2,7,15,16,18
9486,1,27,5,20,25,1,21,11,0,1
50515,28,0,17,27,19,27,14,12,26,28
55501,7,4,17,29,7,25,19,6,6,20
113189,28,0,6,29,7,28,14,26,6,0
51363,19,3,18,3,4,2,7,15,16,18
9469,27,18,28,27,22,25,9,0,0,10
4166,28,4,28,27,7,28,10,13,9,28
56548,16,17,20,6,23,29,23,18,18,21
83539,20,1,6,18,17,4,14,21,9,0
22856,12,13,24,6,18,16,4,7,27,21
63922,7,1,17,14,15,25,19,0,6,20
152302,10,27,19,26,16,9,20,2,20,1
85457,10,27,5,20,16,9,20,28,14,9
284106,0,25,4,4,0,0,10,26,22,19
1154,12,13,24,28,18,16,17,7,27,7
11113,10,27,19,1,16,9,27,11,20,1
4435,22,5,6,2,6,10,3,16,6,28
163732,1,27,14,4,22,28,12,26,14,9
25792,21,7,29,22,11,26,24,19,2,12
11129,10,27,18,26,16,9,20,2,3,1
23529,1,25,26,29,22,28,12,26,11,17
1181,10,27,8,1,16,9,20,2,3,1
1183,3,5,28,24,27,27,3,5,6,2
1185,19,3,19,3,16,9,7,2,20,18
1186,19,3,18,3,4,2,7,15,16,18
9076,29,8,6,29,22,11,0,23,8,4
9071,10,15,19,26,16,9,27,2,20,6
1365,20,6,2,18,7,3,6,21,28,28
6320,8,4,26,29,15,27,19,12,25,10
23274,19,3,18,3,4,2,7,15,16,18
728276,24,22,12,5,28,19,8,25,13,24
29121,28,10,29,2,6,20,14,5,8,16
130162,23,27,5,1,10,9,20,28,20,1
7461,5,2,6,29,27,27,22,16,8,10
79745,24,21,21,5,28,28,8,25,1,24
79827,11,27,5,1,1,13,26,28,14,9
54982,11,15,14,20,1,19,26,28,14,9
2055,0,25,4,29,0,0,10,26,11,19
81570,8,11,13,12,25,1,25,17,25,29
9746,10,15,14,13,16,9,27,10,3,1
8218,1,1,6,29,22,13,10,26,26,4
23277,29,29,1,13,26,11,27,10,24,6
134829,19,29,8,3,4,2,7,15,16,18
146223,24,22,12,5,10,19,8,28,13,24
202333,0,25,4,29,10,13,10,26,22,17
84518,0,0,4,4,0,0,12,6,22,19
149111,0,25,6,29,22,0,12,6,22,0
1264,8,11,13,12,11,1,25,17,25,29
54805,15,12,23,19,12,24,24,14,2,3
26505,6,7,13,2,11,1,25,17,25,16
26504,11,21,21,1,28,28,26,25,1,20
55571,19,3,18,3,4,2,7,15,16,18
245812,19,3,14,26,16,9,20,2,20,1
1272,29,29,1,13,26,11,27,10,20,6
6900,4,20,7,21,13,14,16,20,21,15
8506,19,3,18,3,4,2,7,15,16,18
79937,28,1,4,4,22,13,10,26,11,17
116840,1,1,26,29,7,25,10,12,0,0
23242,10,15,19,1,16,9,20,2,20,1
22837,20,6,2,18,2,4,6,21,28,2
1690,13,23,27,15,24,15,2,29,12,5
91949,22,2,11,19,9,21,22,5,19,16
84342,22,4,26,24,27,27,3,12,9,10
1301,9,9,9,11,21,5,15,20,4,3
1303,16,17,20,6,23,16,23,18,18,21
7373,22,24,29,17,3,21,1,5,19,22
1277,25,24,22,8,2,6,6,1,2,12
84570,10,29,8,26,16,2,27,10,20,6
136227,26,19,15,16,24,17,15,29,12,5
85301,29,8,6,17,19,7,0,23,26,4
1285,18,11,13,12,25,1,21,17,25,29
1286,27,18,28,14,27,25,3,16,6,10
1289,10,29,19,13,16,11,20,10,24,6
50509,19,3,18,3,4,2,7,15,16,18
1292,16,17,20,6,23,29,23,18,18,21
1294,3,0,10,17,27,3,3,13,11,8
1297,19,3,8,26,4,2,7,15,16,18
1298,7,1,28,29,27,13,19,6,9,0
81035,10,29,8,26,16,2,27,15,3,6
23127,23,15,8,26,16,9,20,2,3,1
8292,2,24,22,19,9,21,18,5,17,23
93058,27,5,17,14,15,12,19,0,26,10
80219,10,29,8,26,16,9,27,2,3,18
27235,7,5,26,14,15,25,19,0,6,20
51805,0,27,14,1,22,0,20,26,22,19
56997,20,6,2,18,2,4,6,21,28,2
79934,19,3,18,3,4,2,7,15,16,18
10699,1,15,5,26,16,9,21,2,3,1
11151,19,3,8,3,4,2,7,15,16,18
7464,22,10,16,2,6,21,13,24,17,8
10391,23,1,14,29,22,28,9,26,0,17
79585,2,10,29,24,9,20,1,3,15,22
1352,22,0,6,4,19,10,19,23,11,17
122867,20,6,2,18,2,4,6,21,28,2
27151,29,8,1,13,26,11,0,23,24,4
64506,29,29,1,13,26,11,27,10,24,6
22849,3,18,6,27,27,27,9,12,9,28
221184,18,11,13,12,25,1,21,17,25,29
131034,20,6,2,18,2,4,6,21,28,2
1371,15,26,9,22,8,5,13,14,23,14
1373,19,3,8,26,4,2,7,15,16,18
29894,10,3,18,3,16,2,7,2,16,18
1374,10,29,8,26,16,9,27,2,3,6
80772,11,15,5,20,1,9,26,11,1,9
84766,7,21,26,27,22,28,9,22,0,0
283229,28,5,17,27,27,10,19,13,15,20
1384,27,1,28,29,17,25,9,0,6,28
90993,11,22,12,5,1,19,21,6,1,9
9586,28,4,28,29,27,12,19,13,9,10
1389,3,24,29,10,9,7,1,24,17,8
51232,15,12,16,25,3,24,13,4,5,22
401262,18,4,4,29,25,13,10,26,9,0
9244,24,21,12,1,28,13,26,28,14,24
51379,29,29,1,13,26,11,27,10,24,6
9696,7,1,26,1,17,25,12,0,9,17
84809,22,12,16,19,3,26,13,3,19,16
23373,10,15,14,1,16,9,20,2,3,1
200186,10,29,8,26,16,9,27,10,3,1
64784,28,0,6,29,22,3,19,13,9,0
1406,19,3,18,3,4,2,7,15,16,18
1408,21,24,23,9,21,5,29,4,17,3
1411,11,22,5,29,22,19,26,28,1,9
1415,19,3,18,3,4,2,7,15,16,18
51084,16,17,20,6,23,29,23,18,18,21
1428,8,11,13,12,25,1,25,17,25,29
1435,0,25,14,1,0,0,10,26,22,19
1438,11,15,12,20,1,19,26,28,14,9
1445,7,18,17,14,15,25,9,0,6,20
114788,10,29,8,26,16,9,20,10,3,1
64651,22,2,28,27,19,10,22,12,8,28
1478,28,0,26,29,7,13,28,0,6,10
4253,10,29,8,26,16,9,27,10,20,6
80169,9,28,9,22,12,5,15,4,23,3
140690,24,21,21,5,17,19,8,25,14,24
9150,29,29,1,13,26,11,27,10,24,6
10217,19,29,8,26,16,9,20,2,3,1
1491,25,2,29,0,12,26,29,5,8,12
115908,2,18,11,2,15,24,22,8,17,10
9811,1,27,6,1,10,9,20,11,20,17
1496,11,22,21,20,1,19,26,28,14,9
1503,1,4,5,29,17,25,10,26,0,17
56474,1,4,10,27,19,10,14,12,6,0
5476,23,1,14,20,10,25,9,6,6,9
1075,3,2,11,17,9,7,22,5,15,16
8722,3,10,16,17,27,3,1,5,8,23
1512,21,7,23,19,11,26,24,24,17,12
1513,23,29,19,13,26,11,27,10,24,6
1520,27,4,17,5,17,13,9,6,14,0
1515,24,21,12,5,28,19,8,25,1,24
1522,5,8,6,29,22,27,14,23,11,28
90353,20,6,2,8,2,10,6,1,28,2
348180,10,3,8,26,16,9,20,2,20,1
23113,23,15,19,26,1,9,20,2,3,1
51076,20,6,2,18,2,4,6,21,28,2
9547,8,11,13,12,11,1,25,17,25,29
30827,28,0,21,29,22,27,21,26,22,28
220002,19,3,18,3,4,2,7,15,16,18
284613,12,17,20,6,23,18,23,18,18,21
11068,19,3,18,3,4,2,7,15,16,18
79901,18,0,28,27,19,10,28,16,8,10
1593,20,7,2,8,9,26,6,1,17,2
51302,27,22,10,5,28,19,8,12,13,24
285440,5,0,10,24,27,7,19,8,8,16
1595,27,11,28,10,25,27,11,17,25,26
9420,29,8,6,17,19,10,0,23,26,4
9265,7,21,5,1,22,28,9,11,14,9
728294,20,0,4,18,10,13,12,21,11,0
23500,2,7,11,2,11,24,1,19,17,12
153090,10,27,19,26,16,9,20,2,20,1
117154,5,8,6,29,6,7,28,23,11,4
51339,0,25,28,29,22,0,10,26,9,17
147906,13,16,27,15,20,15,2,7,10,27
221955,11,27,14,1,1,19,20,28,1,9
1612,27,1,17,5,28,25,3,0,6,20
23604,24,22,12,5,28,19,8,25,13,10
1613,10,3,8,26,4,2,7,2,16,1
55157,23,27,5,1,16,9,20,11,20,1
80174,2,28,22,9,12,21,13,4,5,14
1628,2,10,16,25,3,21,18,8,19,22
51163,23,15,19,26,16,9,20,2,3,1
120237,0,25,19,4,0,0,20,26,22,1
9730,11,15,14,20,1,9,20,11,14,9
340578,7,1,28,29,17,27,14,6,6,28
90379,29,15,1,29,26,11,0,6,24,4
80067,1,1,28,29,22,13,9,26,9,20
26094,10,3,19,26,16,9,20,2,20,1
285761,21,6,2,8,2,6,6,1,28,2
1630,1,15,5,4,22,0,12,26,0,0
341019,0,25,4,4,0,0,10,26,22,19
8642,7,4,28,14,22,28,19,6,6,20
166614,3,4,28,27,7,3,19,5,11,0
9937,10,15,19,1,16,9,20,2,20,1
64858,10,29,19,26,16,11,27,10,3,6
64421,1,25,5,26,10,13,10,26,22,1
28960,3,0,28,10,7,23,14,22,6,0
55208,26,14,22,22,21,22,24,19,7,14
123879,10,29,8,26,16,11,27,10,20,6
23576,10,3,8,26,4,2,7,15,16,18
1643,1,4,5,29,25,27,14,26,0,0
220042,29,8,1,13,19,10,0,23,24,4
115265,23,27,8,26,16,13,20,11,3,1
440081,1,4,14,1,17,28,10,11,11,20
29118,19,3,18,3,4,2,7,15,16,18
64794,7,1,17,29,22,25,12,0,9,20
650560,25,24,16,9,21,6,29,1,17,12
54555,25,24,23,19,9,21,13,8,2,22
317781,1,27,12,20,22,28,10,6,1,17
23586,7,1,17,14,15,25,19,0,6,20
55601,24,21,21,1,28,19,8,28,14,9
162989,10,27,5,1,16,9,20,2,20,1
50619,19,3,18,3,4,2,7,15,16,18
123099,29,8,6,0,26,27,0,23,24,4
57706,1,25,14,1,10,28,10,11,9,17
163259,23,27,5,1,10,13,9,11,20,1
9909,27,1,26,24,7,27,14,12,6,10
55635,19,3,18,3,4,2,7,15,16,18
9681,11,21,12,20,1,19,26,11,1,9
91614,19,3,18,3,4,2,7,15,16,18
55070,1,1,26,14,22,25,9,0,6,20
159989,5,10,29,19,9,7,22,5,19,8
1677,19,3,18,3,4,2,7,15,16,18
1687,19,3,18,3,4,2,7,15,16,18
494513,9,9,23,22,21,8,29,14,23,3
8694,18,5,13,12,25,1,21,17,11,29
84649,29,29,1,13,10,11,27,10,20,6
8220,6,10,29,18,6,3,1,16,26,8
9993,0,25,4,4,0,0,20,26,22,19
1606,20,0,6,18,22,4,10,6,9,2
8526,27,4,17,14,15,25,19,0,6,0
160851,29,15,5,14,22,28,9,23,11,4
1609,22,5,26,24,15,27,3,12,8,10
8525,19,3,18,3,4,2,7,15,16,18
1718,19,3,18,3,4,2,7,15,16,18
1717,1,1,5,27,22,13,10,26,0,17
79947,7,18,17,27,27,23,19,22,26,20
27294,10,15,19,1,16,9,27,11,20,1
200895,18,11,13,12,25,1,21,17,25,29
1723,7,4,26,1,22,27,19,0,0,10
79154,23,25,14,29,10,28,10,26,11,17
79758,28,4,26,27,27,10,9,12,6,28
147015,19,3,18,3,4,2,7,15,16,18
9249,9,24,22,22,12,8,24,19,7,3
10901,29,25,19,29,10,9,20,26,11,1
317749,14,16,3,23,11,15,11,17,25,27
25979,11,15,5,20,1,19,26,28,0,9
56919,19,29,8,26,16,2,27,10,3,6
9704,15,12,22,25,12,5,29,4,17,3
60625,18,18,13,12,25,27,14,17,25,29
57647,7,1,5,29,22,25,9,6,0,28
56616,19,3,8,3,16,9,7,2,20,1
1730,18,11,13,12,25,1,21,17,25,29
81624,10,15,19,3,16,9,20,2,20,1
27042,19,3,18,3,4,2,7,15,16,18
27292,11,22,21,20,1,19,8,6,1,0
57609,17,23,15,16,24,18,4,29,12,5
9077,11,21,12,20,10,19,26,28,14,0
84925,10,29,19,26,16,11,27,10,3,6
129563,10,29,19,13,16,9,27,2,3,1
101929222,6,7,16,10,9,20,24,19,19,26
84976,5,0,11,24,15,12,14,8,26,10
57540,1,27,21,1,22,19,26,11,14,17
22943,19,3,8,3,4,2,7,15,16,18
10395,24,21,21,10,28,23,28,22,13,26
10301,19,29,8,26,16,2,7,15,3,18
8847,25,28,9,9,21,22,18,19,2,14
1740,22,5,11,19,9,21,28,24,17,23
1742,19,3,8,3,4,2,7,15,16,18
9229,10,15,8,26,16,2,27,10,3,6
9228,12,13,24,28,18,16,17,7,27,7
1743,10,29,8,3,16,11,27,10,3,6
11144,6,28,23,25,21,20,29,24,19,22
93099,19,3,18,3,4,2,7,15,16,18
1760,1,1,6,17,19,27,14,26,11,0
1762,19,3,19,3,4,2,7,15,16,18
1763,10,3,8,26,4,2,7,15,16,18
123872,18,7,13,10,11,1,25,22,25,26
352909,0,1,4,4,0,0,12,26,11,19
54919,18,11,6,29,25,10,14,13,25,29
8701,7,18,26,14,19,27,9,0,9,4
201625,27,5,17,14,7,12,22,8,6,10
1767,5,2,29,17,19,24,22,8,15,16
1768,29,29,1,13,26,11,0,10,20,4
56171,19,3,18,3,4,2,7,15,16,18
9093,29,8,1,13,26,11,0,23,20,4
55466,8,11,13,12,25,1,21,17,25,29
25822,6,12,29,19,14,12,13,5,19,8
85406,5,5,10,24,6,27,14,12,8,10
55192,24,21,21,5,28,23,8,25,13,24
54943,11,22,21,20,28,19,8,11,1,0
84277,1,1,5,1,22,25,9,11,9,17
9829,1,1,26,27,22,25,12,0,11,17
1774,12,13,20,28,23,16,23,7,18,7
144132,24,1,26,14,7,23,11,12,6,26
1785,21,6,22,8,2,6,6,1,28,22
1789,1,22,26,29,22,28,9,6,1,0
8448,19,3,18,3,4,2,7,15,16,18
55619,24,22,21,5,28,23,8,16,13,2
139818,23,25,4,4,0,0,12,6,22,19
1795,7,1,17,14,22,25,9,0,6,20
9732,19,3,18,3,4,2,7,15,16,18
80005,12,13,24,28,18,16,17,7,27,7
57572,23,27,5,26,22,28,20,2,20,1
81704,0,27,5,1,1,9,20,2,22,1
23348,5,1,26,27,7,28,19,12,6,20
83475,18,11,13,12,25,1,21,17,25,10
1796,5,5,10,17,19,10,14,3,15,10
55816,10,15,5,1,16,11,27,10,24,6
220164,10,29,8,3,16,9,27,2,3,1
22845,19,27,5,26,16,9,20,2,20,1
57171,28,0,4,29,6,3,14,5,8,0
9980,27,25,4,4,27,12,12,13,11,0
1798,23,4,5,26,22,11,9,6,24,17
1802,7,18,26,0,7,12,3,13,9,10
89978,10,27,14,1,16,9,20,2,3,1
91039,19,3,18,3,4,2,7,15,16,18
55211,27,5,28,14,19,12,3,0,26,20
23333,1,15,14,18,22,4,12,11,9,17
283417,12,18,24,24,19,12,28,16,27,7
1806,17,23,15,16,9,18,4,5,12,5
55332,1,27,5,26,22,9,20,6,20,1
92749,0,25,5,20,10,28,12,11,1,17
83450,10,3,18,3,16,2,20,2,3,1
1815,24,21,21,5,28,23,8,22,13,24
1821,11,15,14,26,1,9,20,11,20,9
1825,23,27,14,26,16,9,20,2,3,1
79075,1,22,21,5,1,19,21,25,1,9
29940,1,15,5,26,10,28,12,11,20,17
92126,10,29,8,13,26,11,27,10,24,6
79980,10,27,8,26,16,9,20,2,20,1
112487,10,27,8,26,16,9,20,2,3,1
51514,19,3,18,3,4,2,7,15,16,18
1838,11,27,19,20,1,9,20,11,1,9
285605,19,3,18,3,4,2,7,15,16,18
1840,7,18,17,14,15,10,3,8,6,23
113878,7,1,26,14,7,25,19,12,9,10
151636,11,27,5,1,1,19,26,28,1,9
23220,11,27,19,1,1,9,26,28,1,9
64118,24,21,21,5,28,19,8,25,13,0
54920,10,29,8,1,16,11,27,10,3,6
56931,29,8,28,0,22,28,0,23,8,4
128853,10,15,14,1,16,9,20,2,3,1
80824,20,4,28,18,22,4,12,21,9,0
150290,10,3,18,3,4,2,7,15,3,18
142679,11,27,5,1,1,9,20,11,3,9
285193,2,2,16,24,15,24,1,8,17,16
1847,19,3,18,3,4,2,7,15,16,18
1849,11,21,21,20,28,19,26,28,1,9
1855,11,15,5,20,1,19,10,28,1,9
1797,7,4,17,14,15,28,19,0,9,20
84332,19,3,18,3,4,2,7,15,16,18
83657,15,26,22,19,3,5,18,14,23,3
9149,21,24,22,2,9,20,13,24,19,12
8445,15,12,23,9,9,26,13,4,2,12
8444,19,3,18,3,4,2,7,15,16,18
161582,2,18,11,14,15,3,1,8,6,23
199221,22,5,17,14,17,3,3,8,15,23
1869,16,17,20,6,23,29,23,18,18,17
1870,27,5,28,24,17,25,3,12,9,10
1875,28,0,26,4,22,28,12,26,11,0
1877,10,29,1,13,26,11,27,10,20,6
55840,19,3,18,3,4,2,7,15,16,18
124454,18,1,6,0,10,12,14,13,0,0
55096,20,7,2,8,2,6,6,24,28,2
9718,1,4,12,1,10,13,26,6,0,17
9427,5,0,29,19,6,12,28,5,8,16
55268,23,15,5,26,22,13,9,6,0,17
79746,8,11,13,12,25,1,21,17,25,29
1896,1,17,14,26,10,9,20,18,20,17
60401,23,27,14,20,1,9,9,28,1,9
128178,23,27,19,26,10,28,10,6,0,0
80153,11,22,12,20,1,19,26,28,1,9
9695,23,15,5,26,22,9,20,2,0,1
55741,18,11,13,12,25,10,21,16,25,29
10085,22,24,10,2,14,20,1,12,19,16
100421865,11,22,5,1,1,19,26,28,14,9
221838,5,1,28,27,19,27,3,16,0,0
29904,19,3,18,3,4,2,7,15,16,18
196483,5,10,29,17,19,12,28,13,26,8
60678,23,27,19,1,10,13,9,11,0,17
90288,10,15,5,29,16,9,9,11,20,1
124989,1,4,5,29,10,13,10,11,0,0
84455,29,4,6,1,22,11,10,23,0,4
79825,11,27,14,20,10,4,9,21,9,17
80258,5,2,11,2,9,20,28,3,17,16
80303,20,6,2,8,2,6,6,21,28,2
1944,23,3,8,3,16,9,20,2,3,1
1947,19,3,18,3,4,2,7,15,3,18
22979,29,8,1,13,26,28,0,22,24,0
51162,22,8,10,17,19,7,0,5,26,4
80864,11,27,19,1,1,9,20,28,14,1
1956,29,29,1,13,26,11,27,10,24,6
254102,10,27,14,26,10,28,20,11,20,1
10938,29,8,6,17,27,7,0,23,26,4
30846,10,3,8,3,4,2,7,15,3,18
30845,11,22,21,5,28,19,8,25,1,24
30844,11,21,21,5,28,28,8,25,14,24
126272,18,11,13,12,25,1,21,17,0,29
493861,3,1,6,24,7,3,19,12,9,28
84285,26,20,7,11,29,14,5,9,21,25
9451,11,15,14,20,1,19,26,28,14,9
8663,10,15,8,3,16,2,27,2,20,1
1973,28,0,10,14,6,13,19,13,8,0
317649,5,2,10,17,6,7,28,5,26,8
56648,15,12,9,11,21,22,18,14,23,22
143244,1,27,5,1,10,28,20,26,3,17
1993,23,15,14,26,10,9,20,2,3,1
2002,1,27,19,18,10,4,20,21,0,1
2004,11,27,19,1,1,19,26,28,1,9
2005,7,21,28,29,22,28,9,26,14,0
8178,24,22,21,5,28,28,8,25,14,24
9844,23,27,14,20,10,13,20,28,3,0
84173,3,6,2,10,27,23,11,22,28,26
91748,19,3,18,3,4,2,7,15,16,18
64834,20,6,2,18,2,4,6,21,28,2
647121,24,21,21,18,28,23,8,21,13,2
129080,24,22,21,20,28,19,8,25,13,10
84034,5,1,28,27,19,27,14,12,9,10
256364,6,2,10,17,14,24,13,5,26,8
161436,11,15,5,26,1,9,20,2,20,1
400954,19,3,18,3,4,2,7,15,16,18
2012,1,27,5,27,10,13,20,6,3,1
2018,5,0,10,0,15,10,3,23,11,0
2021,19,3,18,3,4,2,7,15,16,18
284131,6,24,11,19,12,24,1,8,19,23
64772,10,27,8,26,16,9,20,2,3,1
84080,7,18,17,14,17,12,28,16,6,10
219670,5,8,6,17,17,10,0,23,26,4
2028,23,27,5,1,22,28,12,11,9,17
5167,19,3,8,3,16,2,20,2,20,1
22875,19,3,18,3,4,2,7,15,16,18
59084,6,5,11,2,3,12,3,8,19,23
957,15,2,23,19,12,5,18,14,5,14
955,29,29,1,13,26,11,27,10,24,6
57089,5,10,29,17,14,20,1,5,8,8
285203,24,21,28,5,28,4,8,25,14,24
54749,5,5,29,0,14,27,28,23,8,8
57724,23,27,14,1,10,9,20,2,20,1
1969,29,8,26,13,22,28,9,11,11,4
2047,13,23,27,15,24,17,2,29,12,5
2049,5,0,29,17,27,27,28,16,8,19
2050,7,18,17,14,7,25,9,0,6,20
2051,19,3,18,3,4,2,7,15,16,18
2052,27,18,10,27,19,27,14,12,26,10
7957,8,18,28,14,15,1,19,17,25,29
2057,29,29,1,13,26,11,27,10,24,6
54869,4,20,0,11,29,14,16,9,21,25
64787,11,27,12,20,1,13,26,28,1,9
94240,1,4,12,27,17,13,9,6,0,0
26284,6,10,16,19,3,21,1,8,17,23
2064,1,4,28,18,22,4,12,21,11,2
2066,11,22,21,20,28,19,8,25,13,24
2077,18,11,13,12,25,1,21,17,25,29
285141,5,5,29,0,27,12,22,16,19,8
127254,19,3,18,3,4,2,7,15,16,18
114625,11,27,14,1,1,9,26,28,14,9
55780,4,20,7,7,29,14,16,20,21,11
57471,10,29,8,26,16,2,27,10,3,6
79956,19,3,8,3,4,2,7,15,16,18
2081,10,29,8,26,16,11,27,10,3,6
56605,22,24,29,17,12,7,1,24,15,16
90952,19,3,8,3,4,2,7,15,16,18
157570,27,5,28,27,27,25,3,13,9,20
11082,6,2,16,2,12,20,1,5,17,22
9700,11,15,21,1,1,19,26,28,1,9
2101,1,27,5,1,17,27,9,11,0,17
2104,10,3,8,3,16,9,7,15,20,18
23344,19,3,18,3,4,2,7,15,16,18
23474,27,1,28,27,7,27,14,16,6,10
55224,23,15,5,20,1,9,20,28,14,1
2113,11,27,14,20,1,19,26,28,1,9
2115,10,27,5,26,16,9,20,2,3,1
2119,1,18,17,14,10,25,9,11,6,20
2120,21,7,22,22,9,26,13,19,2,22
55194,4,20,7,7,13,14,16,9,21,25
2121,6,2,16,19,14,26,22,5,2,8
54932,6,10,29,2,14,3,22,24,15,22
9156,11,27,19,1,1,9,20,28,14,9
9941,10,29,8,26,16,9,27,10,20,1
56915,0,25,4,4,0,0,12,6,22,19
118460,11,15,12,20,1,9,20,28,20,9
2131,23,27,14,26,1,13,12,11,20,1
2137,23,27,14,20,1,28,10,11,1,17
2138,2,2,11,25,3,24,29,8,19,22
2140,19,3,8,3,4,2,7,15,16,18
2159,23,27,8,26,16,9,20,2,3,1
2162,18,1,6,17,11,1,14,16,26,10
2155,6,7,16,10,9,26,22,19,17,22
2157,29,8,1,13,26,11,0,23,24,6
80233,10,29,1,13,26,11,27,11,3,6
91442,27,1,26,29,7,25,9,13,9,20
8772,27,21,3,29,7,23,11,16,6,10
3995,10,3,8,3,16,9,20,2,3,1
2184,19,3,18,3,4,2,7,15,16,18
51011,1,27,14,1,22,13,10,28,20,17
151313,3,18,29,0,9,7,3,5,8,23
399665,1,15,5,29,22,28,12,11,0,17
284611,6,12,29,25,3,24,22,8,15,23
83640,0,25,4,4,0,0,10,26,22,19
54491,7,1,17,27,22,25,19,0,9,10
11170,23,1,5,20,22,28,12,11,0,17
144717,3,5,10,24,14,3,22,24,19,23
83541,27,1,17,14,15,25,19,0,6,20
81558,19,3,18,3,4,2,7,15,16,18
54954,19,3,18,3,4,2,7,15,16,18
116224,9,9,9,11,12,8,15,4,4,3
159091,23,15,5,1,22,13,26,28,14,17
220108,15,26,9,9,8,5,29,4,5,22
285172,0,25,4,4,0,0,20,26,22,19
441518,14,7,3,23,15,23,11,22,10,27
116496,11,15,21,1,1,19,26,28,14,9
286499,0,25,4,4,0,0,10,26,22,19
257415,29,8,1,13,26,11,0,23,24,4
54463,22,2,29,25,6,7,22,24,19,16
162427,1,27,5,26,10,28,9,6,0,0
25854,1,27,5,29,10,9,9,28,0,0
202134,11,27,12,1,1,19,26,28,1,9
145483,19,3,18,3,4,2,7,15,16,18
83648,2,10,11,25,6,10,22,24,8,8
26049,22,18,16,0,17,23,8,25,13,16
284069,1,4,6,29,10,0,12,6,14,17
65990,1,4,26,29,22,25,10,11,0,0
134145,24,22,21,5,28,19,8,25,1,24
27146,1,15,19,1,10,28,20,26,0,17
222234,16,17,20,28,18,29,17,18,18,21
80013,11,27,12,20,1,19,26,28,1,17
84182,1,1,5,18,10,4,9,21,0,17
54540,5,10,10,24,19,10,3,5,26,8
338811,28,25,4,4,0,0,12,6,22,19
85395,18,11,13,12,11,1,25,16,25,29
56975,19,3,8,3,4,9,7,15,16,18
55924,23,27,12,1,1,19,26,28,1,9
127281,28,1,17,27,7,28,10,6,9,0
80256,6,0,16,2,27,24,22,12,15,8
203259,3,0,28,27,17,3,3,12,8,28
84792,3,5,10,17,19,7,3,5,26,8
84915,10,3,8,3,16,2,7,2,16,18
83986,27,15,5,29,10,25,12,11,0,17
57613,29,29,1,13,26,11,0,10,24,4
54537,10,29,8,13,16,11,27,10,20,6
60343,5,5,10,17,19,10,19,16,8,10
55855,1,27,8,26,16,9,20,2,3,1
115572,0,1,28,4,7,28,12,23,11,4
81553,0,25,4,4,0,0,12,6,22,19
26240,24,21,13,10,27,23,11,22,0,26
9679,0,25,26,29,0,28,9,12,22,28
79850,11,22,21,20,1,13,26,28,1,9
92002,10,3,19,3,16,9,20,2,3,1
55793,19,3,18,3,4,2,7,15,16,18
54478,26,26,0,9,5,17,16,9,4,11
79567,27,5,28,24,6,27,22,12,6,24
388650,4,20,7,11,5,14,5,20,29,15
138311,8,6,11,24,19,10,14,16,28,2
112703,19,3,18,3,4,2,7,15,3,18
653820,1,1,5,1,10,13,9,6,3,17
728833,16,17,20,1,22,29,20,18,20,21
153643,0,25,26,4,0,0,10,26,22,17
81610,7,4,5,27,7,27,9,13,9,20
286077,2,10,22,25,12,21,18,24,17,22
151354,1,27,14,20,10,25,26,28,14,9
286042,22,24,11,25,3,21,22,8,19,23
55199,24,22,5,20,17,19,26,11,13,20
375061,19,3,18,3,4,2,7,15,16,18
157769,23,15,14,26,16,9,20,2,20,1
147965,25,7,22,22,11,20,24,19,2,12
2175,10,29,8,1,22,9,20,2,20,1
2187,12,13,24,28,18,16,17,7,27,7
2176,29,8,6,27,22,11,0,23,8,4
2178,1,27,19,1,22,9,20,26,20,20
2189,23,27,8,26,16,9,20,2,20,1
9855,19,3,18,3,4,2,7,15,16,18
10667,22,24,16,17,6,26,13,3,17,23
10056,11,27,14,18,1,19,26,6,1,9
2194,25,9,9,22,21,22,15,19,29,14
10922,20,6,2,18,2,4,6,21,28,28
79072,1,15,5,27,22,28,10,26,9,17
60493,0,25,4,1,0,0,10,26,20,19
79633,18,11,13,12,25,23,21,25,1,17
10826,28,4,6,0,7,3,28,23,26,2
85302,10,3,19,26,16,2,27,2,3,18
54751,10,29,8,1,16,9,27,10,3,6
2199,29,8,1,13,26,11,0,10,24,6
10516,19,3,18,3,4,2,7,15,16,18
129804,0,25,4,29,0,0,10,26,9,0
2200,29,8,6,0,22,7,0,23,11,4
84467,23,27,5,26,1,9,20,28,20,9
64319,28,2,10,0,14,10,3,13,19,16
57666,1,21,21,1,28,13,21,25,14,28
54850,5,18,6,14,19,12,28,16,26,10
222235,23,1,26,29,22,25,10,11,0,17
64839,0,25,4,4,0,0,10,26,22,19
80028,23,15,14,1,10,9,20,11,20,17
54620,23,27,5,26,16,9,20,2,20,1
283807,10,27,8,26,16,9,20,2,20,1
26235,10,27,5,26,16,9,20,2,3,19
26233,0,25,4,4,0,0,12,11,22,19
23194,3,5,28,24,7,13,3,12,9,10
26267,24,0,28,10,17,10,8,13,13,0
201456,2,2,22,25,9,26,22,3,19,16
157574,24,22,21,5,28,19,8,25,13,24
115290,10,15,5,1,22,9,20,2,20,1
126433,6,24,11,19,14,21,18,24,2,12
23219,1,4,26,4,10,28,9,6,20,17
79791,17,23,15,16,24,18,4,29,12,5
114907,19,3,18,3,4,2,7,15,16,18
254170,8,11,13,12,25,23,21,22,25,26
130888,1,15,5,1,22,9,20,2,9,17
26272,15,9,9,7,8,5,15,4,4,14
54455,24,22,21,5,28,19,8,25,14,24
286151,10,27,14,1,16,13,20,2,3,1
93611,28,5,6,24,17,3,3,12,8,28
23403,8,7,10,12,11,20,25,16,25,26
554251,7,4,5,27,7,13,9,26,9,0
26270,27,5,26,14,27,25,3,0,26,10
285231,1,27,14,26,22,9,9,26,9,17
2217,23,4,19,29,17,25,11,11,0,17
23149,22,5,16,17,9,21,1,3,19,22
89848,10,3,8,3,16,9,7,2,3,18
9873,2,24,22,25,12,5,13,3,15,22
2232,3,10,2,24,9,6,13,1,15,2
55527,27,10,6,0,27,27,3,16,6,10
222894,19,3,18,3,4,2,7,15,16,18
55612,15,7,22,19,8,21,13,14,7,22
2242,10,29,19,26,16,9,7,2,20,18
2245,19,3,18,3,4,2,7,15,16,18
89846,18,11,13,12,25,1,21,17,25,29
2256,11,15,5,26,1,9,20,28,1,9
2257,25,24,2,8,14,6,29,1,5,12
8817,28,5,28,24,19,27,19,12,15,2
2252,13,16,27,15,20,15,2,27,10,27
2254,5,0,10,2,6,27,3,5,11,8
11116,19,3,18,3,4,2,7,15,16,18
2261,0,25,4,4,0,0,10,6,22,19
53834,29,8,17,14,26,13,0,23,24,4
55277,19,3,18,3,4,2,7,15,16,18
114827,1,15,5,1,22,25,9,2,20,0
85462,7,22,12,27,7,28,14,12,1,0
2272,27,8,10,0,6,3,28,12,11,8
2274,24,22,12,18,28,4,8,21,14,2
2275,10,3,8,3,16,9,7,2,20,19
29109,0,4,14,1,22,28,10,12,22,17
80206,10,27,19,26,16,9,20,2,3,1
11153,8,11,28,12,23,27,3,16,25,26
27145,11,22,12,1,1,13,12,28,1,17
286467,15,9,23,22,12,5,29,14,23,3
128486,8,11,13,12,25,1,21,17,25,29
84922,0,25,4,4,0,0,10,26,22,19
24147,19,3,8,3,16,2,7,2,20,18
11328,26,14,0,11,5,8,15,20,4,14
63943,9,14,9,11,5,8,16,9,29,15
79147,10,27,14,26,22,9,20,28,3,17
201163,27,1,17,27,22,25,9,0,9,20
2318,11,22,12,1,1,19,26,28,1,9
2321,1,27,14,29,10,28,9,26,20,17
2324,5,0,6,24,19,12,28,13,8,10
55640,19,3,18,3,4,2,7,15,16,18
84256,10,15,19,26,16,9,20,2,3,1
342184,7,18,17,14,15,13,3,0,6,20
56776,3,0,6,29,19,27,19,12,6,28
91010,21,7,10,2,11,20,6,16,17,12
2329,7,4,14,1,22,13,10,6,11,17
79025,22,10,10,0,19,10,14,13,8,2
64838,20,6,2,8,2,6,6,21,28,2
2342,10,3,19,26,4,9,7,15,3,18
2355,20,6,2,8,2,6,6,1,28,12
3171,1,4,4,29,22,28,12,26,22,17
27023,7,1,26,1,22,27,9,26,9,0
55810,21,2,23,8,2,6,29,1,7,22
221937,28,25,6,29,22,13,12,26,11,17
3607,19,3,18,3,4,2,7,15,16,18
2305,18,1,6,29,25,13,12,13,9,29
3344,9,9,9,25,12,5,18,4,5,22
2308,20,6,2,8,2,6,6,1,28,2
4303,0,25,5,1,10,28,12,26,0,17
80020,10,29,19,1,16,11,27,10,3,6
2356,6,2,29,25,12,5,1,3,5,22
80144,11,22,21,20,1,19,26,6,1,9
10023,24,21,12,5,28,19,8,25,1,24
23401,11,27,12,1,1,19,26,28,14,9
158326,22,2,29,25,12,21,13,8,23,12
84978,22,8,29,17,14,7,0,5,11,4
122786,10,27,5,26,16,9,20,2,3,1
83786,1,4,28,29,22,27,10,26,0,0
23732,2,24,23,25,9,26,29,24,17,12
10129,6,11,13,12,11,1,25,17,25,29
100861412,22,5,11,17,15,12,1,24,15,23
161835,18,4,13,29,25,1,14,6,11,17
2498,10,3,8,3,4,2,7,15,16,18
24140,19,3,8,26,16,9,20,2,3,1
100302692,20,6,28,18,19,4,12,21,0,2
197258,10,27,19,26,16,2,20,2,3,1
282969,10,29,8,1,16,9,27,10,3,6
5045,6,26,23,19,9,21,1,14,23,8
84750,19,3,18,3,4,2,7,15,16,18
2526,19,3,18,3,4,2,7,15,16,18
10690,2,7,11,19,9,24,22,3,19,16
80199,11,22,21,29,17,19,26,28,14,28
9513,0,25,4,4,0,0,10,26,22,19
53822,19,3,18,3,4,2,7,15,16,18
79443,1,22,21,18,22,4,8,21,0,28
8322,10,27,19,26,16,9,20,2,20,1
7855,18,21,12,10,25,23,11,22,25,26
8323,29,8,28,29,22,28,12,23,11,4
8325,11,27,14,26,1,9,20,28,14,9
51343,5,4,28,0,19,27,28,23,26,10
2539,5,8,6,0,19,27,0,23,26,4
9846,20,24,16,8,2,6,6,1,28,2
11337,7,0,28,27,7,10,19,13,9,10
2555,7,18,17,17,15,27,3,8,6,10
2556,1,8,6,0,19,10,28,23,26,10
2561,10,3,8,26,4,9,7,15,3,18
55879,21,7,22,22,21,8,24,19,7,14
4616,19,3,18,3,4,2,7,15,16,18
2580,24,22,21,20,28,23,8,25,13,24
89792,23,15,14,1,16,28,20,2,20,1
79690,6,10,29,17,6,3,14,5,8,8
2581,10,3,19,26,16,9,27,2,20,18
2582,27,2,10,0,19,24,3,16,26,16
2585,11,22,14,20,1,19,26,28,14,9
130589,0,1,4,1,10,13,10,26,9,0
2588,11,27,12,20,1,9,26,28,14,9
79695,10,3,8,26,16,2,20,2,20,1
114805,10,27,8,3,16,9,20,2,3,1
57452,10,27,8,26,16,2,20,2,3,1
374378,11,15,14,5,22,28,26,28,14,9
26290,19,29,8,26,4,2,27,15,20,6
2595,3,1,6,17,6,10,14,13,11,28
2616,27,8,12,14,17,27,0,6,14,20
389849,2,10,2,24,9,24,6,24,19,23
150946,28,4,6,29,7,12,12,12,26,28
2620,18,15,21,29,22,13,12,11,11,0
10634,11,15,14,26,1,9,20,28,20,1
283431,19,3,8,3,16,2,7,2,3,1
2621,22,8,29,0,6,7,0,23,15,4
8522,27,18,26,14,15,25,19,0,9,0
5188,20,6,2,18,2,4,6,21,28,2
2628,1,4,28,18,17,4,6,21,9,2
352954,19,3,8,3,4,2,7,15,16,18
2629,19,3,18,3,4,2,7,15,16,18
23464,19,3,18,3,4,2,7,15,16,18
2639,7,1,26,14,17,25,12,6,9,0
2643,17,17,15,16,23,18,4,18,12,5
2730,19,3,18,3,4,2,7,15,16,18
10985,7,5,28,29,27,27,14,13,26,10
2650,1,25,4,4,10,13,10,6,9,17
2651,10,3,19,26,4,9,7,15,3,18
339970,10,27,19,26,16,9,20,2,20,1
2653,23,27,8,26,16,9,20,2,3,1
9518,1,15,14,1,10,9,12,11,0,17
2667,11,27,19,1,1,9,20,28,3,1
284161,20,6,2,18,10,4,14,21,1,2
54857,2,2,23,2,12,20,28,3,26,12
81544,24,6,6,18,2,4,28,21,26,2
50628,1,0,28,27,22,25,0,23,26,4
54960,28,1,26,27,22,13,9,12,11,0
492303,26,19,25,16,29,17,15,9,12,5
2671,11,27,14,20,1,19,26,28,14,9
9945,19,3,18,3,4,2,7,15,16,18
23163,19,3,18,3,4,2,7,15,16,18
87769,28,0,6,29,22,3,28,13,9,28
2686,10,3,14,1,16,9,20,2,20,19
84514,10,29,8,26,16,9,27,10,3,6
102723099,23,15,26,18,10,4,20,21,9,17
79018,19,3,18,3,4,2,7,15,16,18
64599,5,2,10,10,6,23,11,16,8,26
54826,27,18,17,14,15,25,3,0,6,20
64785,19,3,18,3,4,2,7,15,16,18
28964,24,21,21,5,7,28,26,25,13,24
375519,10,15,14,13,16,11,27,10,3,6
2710,22,18,10,0,15,10,28,16,26,8
79411,5,0,28,29,19,10,28,6,9,0
26035,0,4,5,29,22,0,10,6,0,17
2731,6,23,23,25,9,18,29,5,5,22
2733,2,10,16,2,2,6,13,5,17,8
2736,7,1,28,29,17,13,0,13,9,17
2738,28,0,4,27,0,27,19,5,11,19
11010,1,25,14,20,1,19,21,28,1,9
144321,10,15,8,26,10,9,20,11,20,1
152007,11,21,12,20,28,19,8,25,14,24
169792,29,29,1,13,26,11,27,10,24,6
2743,12,18,2,2,19,10,6,16,26,26
2745,1,15,5,1,17,28,9,26,0,17
144423,11,27,5,1,22,9,9,6,14,9
83468,3,10,29,2,27,3,22,5,15,8
29998,28,1,26,27,10,13,12,6,0,17
23506,10,27,8,26,16,2,20,2,3,1
2749,8,11,13,12,25,1,21,17,25,29
2760,11,15,14,1,23,19,26,18,14,9
64396,12,17,24,28,18,12,17,5,17,8
2762,15,12,22,9,21,21,29,4,23,22
10691,22,5,17,14,6,24,13,16,8,23
26205,28,4,6,4,0,27,10,26,22,28
29925,10,15,14,26,10,9,20,2,20,1
2767,0,25,4,4,0,0,10,6,20,19
2781,19,3,18,3,4,2,7,15,16,18
54584,11,21,14,1,10,19,26,6,9,0
2784,19,3,18,3,4,2,7,15,16,18
10020,22,18,17,17,6,25,22,0,15,23
2785,29,29,1,26,10,11,27,11,24,6
2788,16,4,26,27,22,13,23,18,0,17
2792,20,6,2,18,2,6,6,1,28,2
54552,19,3,18,3,4,2,7,15,16,18
80154,23,27,19,1,1,13,12,28,1,9
647042,2,2,16,19,3,24,22,8,2,23
440295,23,29,5,13,26,11,27,10,20,6
64689,5,5,6,27,19,10,22,5,26,2
2239,22,7,16,2,9,20,1,3,17,23
2262,25,12,9,9,8,5,29,14,2,12
54707,14,16,3,23,20,15,2,27,10,27
56927,19,3,18,3,4,2,7,15,16,18
64582,11,27,5,20,1,19,26,11,14,1
56834,11,22,12,20,1,19,9,28,1,9
7107,10,15,8,26,16,9,27,2,3,1
283554,19,3,18,3,4,2,7,15,16,18
4935,22,10,16,25,15,24,13,8,19,16
27239,11,22,12,1,28,4,8,25,1,28
54328,24,1,21,20,7,13,11,25,9,10
2861,22,5,11,19,3,20,13,5,17,16
653519,0,25,4,4,0,0,12,11,22,19
51463,24,21,3,27,28,23,11,22,1,26
9737,11,15,14,26,1,19,20,28,1,1
2874,11,15,5,1,22,9,26,11,14,9
2878,28,4,5,18,22,28,12,6,9,0
57476,0,25,4,4,0,0,20,26,22,19
23151,28,25,4,4,0,0,3,26,11,19
2888,10,27,8,1,16,9,20,2,20,1
80000,27,0,28,24,27,10,19,12,6,28
29841,20,6,2,18,25,10,6,21,28,28
2890,6,12,16,9,14,26,24,19,17,26
2892,7,5,17,27,17,25,19,12,8,10
2897,27,1,14,14,17,28,19,0,9,20
2898,11,27,14,20,1,19,26,28,1,9
2899,19,3,18,3,4,2,7,15,16,18
2900,19,3,18,3,4,2,7,15,16,18
2901,29,29,1,13,26,11,27,10,24,6
2903,10,27,8,26,16,9,20,2,20,1
156,12,13,24,28,18,16,17,7,27,7
2868,19,3,18,3,4,2,7,15,16,18
134266,6,10,29,2,14,24,22,3,17,16
79774,11,15,12,20,1,9,26,11,1,9
83743,3,0,6,27,17,10,28,12,26,28
54103,25,26,22,22,21,5,15,20,2,3
55876,19,3,18,3,4,2,7,15,16,18
79792,1,22,5,18,10,4,26,11,0,17
83903,10,27,5,26,16,9,20,2,20,1
2937,22,10,16,24,15,23,1,22,15,26
79807,23,29,5,13,10,9,20,10,24,6
119391,10,3,8,3,4,2,7,15,16,18
2966,18,11,13,12,25,1,21,17,25,29
653238,5,0,28,27,7,27,14,23,8,10
728340,1,1,5,29,7,28,10,12,0,17
84163,10,27,19,1,16,9,20,2,3,1
389524,19,3,18,3,4,2,7,15,16,18
2976,1,15,14,29,22,28,9,11,0,9
9567,10,3,19,26,16,2,27,2,20,1
85865,28,4,6,27,19,13,10,26,11,17
54676,27,2,11,2,6,10,3,24,15,23
84705,0,25,4,1,0,13,10,11,22,17
8225,0,25,4,4,0,0,20,2,22,19
51512,6,2,16,19,14,24,13,24,19,22
2979,19,3,18,3,4,2,7,15,16,18
83606,11,27,21,5,1,19,26,28,14,9
2983,3,0,6,0,6,10,11,12,6,10
728411,24,21,21,20,28,23,8,25,13,24
8908,7,18,17,24,15,25,3,12,6,28
2995,15,9,0,7,21,22,15,4,4,14
3003,19,3,18,3,4,2,7,15,16,18
644914,23,27,14,1,22,13,20,26,20,0
440093,5,5,26,24,27,27,3,12,6,10
9563,19,3,18,3,4,2,7,15,16,18
23498,21,12,22,8,8,21,13,1,2,12
9200,2,2,29,0,9,7,22,3,17,8
57531,21,24,23,2,14,26,29,24,19,12
84264,23,22,12,20,1,19,20,28,14,9
145864,19,3,18,3,4,2,7,15,16,18
283254,0,25,14,4,0,0,12,26,22,19
54930,10,27,19,1,16,9,27,2,20,1
23354,22,5,10,0,7,27,28,5,8,8
93323,21,7,11,10,11,20,25,22,25,26
57657,7,4,17,29,17,28,9,12,6,20
79885,27,18,13,12,25,10,28,22,25,28
9759,7,4,26,29,19,28,0,13,6,4
10014,10,27,14,26,16,9,20,2,3,1
51564,18,11,13,12,25,1,21,17,25,29
9734,29,8,1,13,26,11,0,23,24,4
374659,10,15,18,26,16,9,20,2,3,1
81932,14,16,3,23,28,23,11,27,10,26
139324,10,27,19,26,16,9,20,2,3,1
55027,26,26,9,7,21,22,15,20,4,15
25938,29,15,1,13,26,11,27,10,24,6
54497,28,0,10,24,27,27,19,16,8,16
51696,1,1,26,29,22,13,19,18,9,0
143279,14,16,3,23,15,15,11,27,15,27
79654,29,8,1,13,26,28,0,23,0,4
85441,11,27,5,1,1,19,26,28,14,9
113802,1,15,19,26,16,9,20,11,20,1
283755,11,27,14,1,1,0,26,11,1,1
8916,24,21,26,20,28,13,8,25,13,24
51191,18,11,13,12,11,23,25,22,25,29
55008,10,15,14,26,16,9,20,2,20,1
8820,28,0,6,27,27,28,12,12,9,28
284004,20,6,11,8,2,20,6,1,17,12
124790,8,11,13,18,25,1,21,17,25,0
23462,29,1,6,29,22,25,9,26,0,4
51236,11,4,12,20,7,13,9,28,1,9
55733,19,3,18,3,4,2,7,15,16,18
283987,11,27,14,26,1,9,20,2,3,1
55662,15,12,22,19,3,21,1,8,19,14
25988,0,25,4,4,0,0,10,26,11,19
9026,3,1,28,29,19,27,28,13,26,0
7290,23,25,4,1,0,28,10,6,22,17
3009,27,0,26,29,7,4,10,26,0,0
3006,23,27,14,1,1,0,20,11,3,1
8334,1,27,5,20,1,13,10,11,14,0
85235,29,29,8,13,16,9,20,10,20,1
8329,23,27,19,1,10,28,9,6,1,9
8331,10,29,19,26,16,11,27,10,20,6
8347,19,3,18,3,4,2,7,15,16,18
3017,5,10,28,10,27,20,1,22,26,2
8339,24,21,21,27,28,23,8,25,13,24
8345,23,27,14,26,16,9,20,2,20,1
8341,10,3,5,26,16,9,20,2,20,1
8338,1,1,5,29,22,28,0,26,20,17
3097,3,7,11,19,12,20,1,19,2,22
55355,6,7,16,10,14,20,13,1,19,12
284459,1,4,17,29,7,27,9,11,9,17
3145,24,22,21,20,28,4,8,25,13,24
83872,7,18,17,14,15,12,19,16,6,10
54511,23,15,5,29,10,13,10,26,11,17
10473,11,27,12,1,1,19,26,28,1,9
51617,27,18,17,14,17,25,19,0,6,20
144983,0,25,5,27,22,28,12,26,22,17
10151,0,25,5,1,10,28,10,6,20,17
343069,22,5,17,14,15,12,19,8,8,23
9455,10,29,1,1,26,11,27,10,24,6
100506311,23,15,5,20,22,28,12,11,3,17
3212,7,18,28,14,22,25,19,0,6,20
3217,29,8,1,13,26,11,0,26,24,4
79803,11,22,12,20,1,19,26,28,14,9
57110,19,29,8,26,16,2,27,2,20,6
64342,24,21,21,5,28,19,8,25,13,24
9394,28,1,28,18,22,13,12,21,0,17
90161,24,22,12,5,17,19,8,25,13,24
440498,27,18,17,14,15,12,19,16,6,10
51171,19,3,18,3,4,2,7,15,16,18
51478,22,2,17,24,27,25,3,16,6,23
158160,1,27,5,20,22,28,20,11,1,17
11077,10,27,19,26,16,9,20,2,3,1
664618,10,27,8,26,16,2,20,2,3,1
343477,0,25,4,4,0,0,10,26,22,19
259217,10,3,8,26,16,9,20,2,20,1
3305,2,2,29,17,9,7,13,3,19,8
3306,7,4,17,14,15,12,19,0,6,20
79663,19,3,8,3,4,2,7,15,16,18
3339,27,1,17,14,22,25,9,0,6,0
3358,24,22,21,20,17,19,8,25,14,24
5654,22,8,10,0,6,7,0,23,26,4
94031,10,29,19,26,16,9,27,2,3,1
3064,2,2,11,25,21,24,13,3,17,8
30811,23,27,19,29,25,25,10,26,0,17
3364,0,25,5,29,10,28,10,6,0,17
84329,29,8,1,13,26,11,0,23,24,4
54768,10,29,19,3,16,2,27,10,3,6
81888,3,0,4,29,19,28,10,13,22,0
123688,29,8,6,17,6,27,0,23,8,4
219844,23,27,14,20,1,13,26,28,1,9
25764,11,15,5,26,1,9,20,2,20,1
200205,24,22,12,20,28,13,8,25,14,24
130026,11,22,21,1,1,13,26,28,14,9
3385,0,25,19,1,1,0,20,2,20,1
3419,10,3,8,26,16,2,20,2,3,1
8870,16,17,24,6,23,16,23,18,18,7
51278,3,5,6,24,6,12,19,13,8,20
25900,3,10,29,24,9,7,1,24,8,8
3428,0,18,6,29,7,25,14,0,11,0
3429,19,3,18,3,4,2,7,15,16,18
3430,23,27,14,1,1,13,10,28,14,9
2537,7,0,28,27,27,10,12,12,11,28
3434,27,18,17,29,17,25,9,0,0,0
3455,23,15,19,26,22,9,20,2,20,1
7866,10,3,8,3,16,9,7,15,3,18
55764,19,3,18,3,4,2,7,15,16,18
9742,23,15,5,26,16,13,20,6,3,1
26160,10,27,19,26,16,9,20,2,3,1
3486,11,22,12,1,1,19,26,11,14,9
3490,22,0,6,17,15,12,28,23,26,10
3508,19,3,18,26,4,2,7,15,16,18
492311,7,21,17,10,7,23,11,0,6,26
285313,10,3,19,26,16,9,7,2,3,18
152404,11,22,12,20,28,19,26,28,1,9
84966,23,1,5,29,10,28,9,6,0,0
150084,19,3,18,3,4,2,7,15,16,18
93185,10,15,8,26,16,9,20,2,3,18
3551,23,27,5,20,1,28,26,28,14,9
10320,10,15,5,26,16,9,20,2,20,1
64375,1,4,5,18,22,4,12,21,20,17
23765,28,0,10,17,27,3,19,12,8,10
55540,1,1,6,29,19,27,12,23,0,4
54756,18,21,12,12,25,1,21,16,0,29
3556,10,27,8,26,16,9,20,2,20,1
11141,23,4,14,1,22,13,10,26,0,17
9466,19,3,8,26,16,2,7,15,3,18
3566,29,1,5,14,22,28,19,11,24,4
3614,7,8,17,14,17,13,9,6,24,4
64423,28,0,28,27,7,27,19,13,6,28
125476,19,3,18,3,4,2,7,15,16,18
283899,20,10,11,8,2,10,6,1,28,2
3628,5,4,10,2,19,3,3,13,11,28
8821,1,1,14,1,22,25,21,6,1,9
3632,3,2,10,24,6,12,28,12,15,10
3633,28,0,4,27,0,0,12,12,11,0
56623,10,27,5,26,10,9,20,11,20,1
27124,23,25,4,4,0,0,10,26,22,19
51763,8,4,13,29,25,25,14,17,9,0
26173,3,0,10,25,6,3,13,5,8,16
80789,10,29,8,26,16,9,7,2,3,18
203522,27,18,17,27,7,25,9,22,6,10
25896,11,22,21,20,1,19,26,28,14,9
55756,10,29,19,13,16,11,27,10,20,6
9807,10,15,8,26,16,9,20,2,3,1
253430,10,27,8,26,16,9,20,2,3,1
51194,18,4,4,18,22,13,12,26,14,0
9670,18,11,13,12,25,10,25,16,25,29
79711,29,8,1,13,26,11,0,23,20,6
64768,19,29,8,26,16,2,27,10,20,6
55721,29,8,5,29,26,11,0,23,11,4
115811,21,2,11,17,14,20,1,5,19,26
64799,23,29,5,26,16,9,20,10,20,1
128239,11,27,14,26,10,19,26,11,1,1
23096,9,26,9,11,13,14,5,4,4,11
154865,19,3,8,3,16,9,20,2,3,18
3654,10,29,19,13,26,11,27,10,24,6
11213,28,25,4,0,19,27,10,13,11,17
3659,29,8,1,1,26,11,0,23,24,4
3660,24,22,12,5,17,13,8,25,13,9
3665,0,25,4,4,0,0,21,12,22,0
10379,24,21,21,5,28,19,8,25,13,24
8471,12,13,24,28,18,16,17,7,27,7
79192,23,15,5,26,17,9,20,2,0,17
153572,0,1,26,29,22,28,14,12,11,10
79191,15,24,23,25,21,5,18,14,5,22
55846,7,18,28,14,15,28,19,0,6,20
3672,23,21,21,20,1,13,26,11,1,9
3674,11,22,14,20,28,19,26,28,14,9
3676,23,21,1,13,26,23,11,22,14,6
3678,10,15,8,13,26,11,27,10,3,6
3679,29,15,1,13,26,11,0,10,24,6
3680,19,3,18,3,4,2,7,15,16,18
3693,6,24,23,9,21,5,18,3,17,3
3705,24,21,21,12,28,1,8,17,13,24
3707,5,5,6,17,6,27,3,16,8,28
3708,6,12,23,9,8,5,18,4,23,14
85450,1,4,26,27,22,27,9,0,9,10
162073,11,1,5,20,22,19,26,28,1,9
9767,23,27,19,26,16,9,20,2,20,1
3717,28,25,26,27,19,28,10,26,9,17
221895,10,15,5,26,16,9,20,2,20,1
122953,29,8,6,0,17,7,0,23,26,4
65094,19,3,18,3,4,2,7,15,16,18
23210,7,4,5,29,22,28,10,26,9,17
339123,29,29,1,13,26,11,0,23,24,4
57338,10,3,8,26,4,2,7,15,3,18
126306,10,15,8,26,16,9,27,2,3,6
3726,2,12,22,22,9,20,29,24,15,23
23189,28,0,26,29,7,25,10,13,6,0
25959,1,15,5,18,10,13,10,23,11,17
151050,29,8,6,29,10,11,11,23,0,4
2648,23,15,19,26,10,9,20,2,3,1
8850,19,3,18,3,4,2,7,15,16,18
83473,8,11,13,12,25,1,25,17,25,29
10300,5,5,29,0,6,27,28,12,8,16
9920,10,15,5,26,16,9,20,2,3,1
55709,0,25,19,4,0,9,20,2,20,19
89890,18,11,13,12,11,1,28,17,25,29
84541,19,3,18,3,4,2,7,15,16,18
7881,14,21,3,23,7,23,11,13,9,27
8514,23,27,19,26,1,9,20,11,20,1
9196,23,27,19,26,10,13,9,2,20,9
10008,11,21,21,1,1,19,26,28,1,9
23630,10,3,18,3,16,2,7,2,16,1
3755,11,21,12,5,1,19,8,25,14,24
131096,11,15,5,20,1,19,20,11,1,9
3759,13,16,27,15,20,15,2,27,10,13
3764,10,3,8,26,4,2,7,15,16,18
3778,10,3,8,26,4,2,7,2,3,18
3779,23,15,5,26,1,13,20,11,20,1
3780,19,3,8,3,4,2,7,15,16,18
3782,11,4,14,1,28,28,26,28,14,9
3786,23,15,5,1,1,13,20,2,20,1
147040,10,29,19,26,16,9,27,2,3,1
253980,18,5,26,12,19,1,28,13,26,0
79047,19,3,8,26,4,9,7,15,20,18
79734,0,25,4,4,0,0,10,26,22,19
130535,19,3,18,3,4,2,7,15,16,18
146212,11,22,21,5,28,19,26,25,14,24
54442,19,3,18,3,4,2,7,15,16,18
79070,29,8,1,13,26,11,0,10,24,6
143888,19,3,18,3,4,2,7,15,16,18
221656,27,1,26,4,15,25,14,0,11,10
84678,3,18,28,24,7,3,3,12,6,23
23081,23,15,5,20,16,9,20,2,3,1
55693,24,21,12,5,28,23,8,11,14,24
8284,9,9,0,9,21,5,18,4,4,3
79831,18,18,28,10,25,23,3,22,6,26
80759,23,1,26,26,10,9,12,6,0,17
202559,11,27,19,26,1,9,26,2,1,1
10656,10,29,14,1,16,9,27,2,20,1
3795,5,8,6,0,6,7,0,23,26,4
9897,5,18,10,2,19,27,14,12,8,8
9692,16,17,20,6,23,29,23,18,18,21
23247,11,15,19,20,1,9,20,11,14,9
285600,13,16,27,15,20,15,2,27,10,13
23240,29,8,1,13,26,11,0,23,24,4
23313,14,16,3,23,20,15,2,27,10,27
57536,10,3,8,3,4,9,7,15,3,18
57604,27,4,14,27,7,25,12,26,0,0
25758,5,5,10,2,6,12,13,3,19,16
85352,5,4,10,0,6,27,28,13,11,4
85379,23,15,14,29,22,9,20,2,0,17
340533,12,13,24,28,18,16,17,7,27,7
9928,10,15,8,26,16,9,27,2,20,1
81930,10,15,14,1,16,9,27,11,20,6
146909,10,29,19,26,16,2,27,10,20,6
10112,5,10,6,29,19,27,3,23,26,0
23046,19,3,18,3,4,2,7,15,16,18
347240,7,4,17,13,10,13,12,11,24,0
26153,22,18,28,14,15,12,3,8,8,23
55083,24,22,21,20,28,19,8,25,13,24
3797,16,17,20,6,23,29,23,18,18,21
285643,19,3,8,3,16,2,7,2,3,18
221458,21,12,22,8,11,26,24,1,7,12
374654,17,23,15,16,24,18,4,29,12,5
3833,15,12,23,19,3,26,24,14,7,22
3801,11,22,21,1,1,19,26,25,14,9
55243,19,3,18,3,4,2,7,15,16,18
84063,23,1,5,26,10,28,20,26,20,17
3815,11,15,14,1,1,9,26,2,3,1
64837,25,7,2,8,14,20,6,24,2,26
8462,0,25,4,4,0,0,10,6,22,19
11279,5,0,10,0,19,3,3,24,8,2
122773,19,3,18,3,4,2,7,15,16,18
54758,10,3,8,3,4,2,7,2,3,18
55220,10,29,8,3,16,9,27,15,20,18
126823,1,1,26,1,22,25,9,26,0,20
55175,2,24,11,2,14,7,1,24,19,16
90293,23,15,19,26,10,9,9,6,0,1
80311,11,27,12,1,1,13,26,28,1,9
339451,19,29,8,3,16,9,27,2,16,6
11275,19,3,18,3,4,2,7,15,16,18
9903,1,25,26,1,10,13,12,26,9,17
64410,5,6,10,18,2,4,28,21,28,2
55295,22,5,10,29,25,10,14,17,8,28
26249,10,3,8,26,16,9,27,10,3,6
257240,3,0,4,27,19,27,14,13,11,0
10324,6,24,11,19,14,6,1,1,17,2
10748,22,5,28,27,27,12,19,12,6,8
9757,20,6,2,18,2,6,14,21,28,2
8085,3,2,22,24,11,20,25,5,8,26
387893,7,18,17,14,22,25,9,0,9,0
85442,28,8,6,27,6,27,14,23,11,4
9735,19,3,18,3,4,2,7,15,16,18
11133,24,21,12,5,28,19,8,25,14,24
84626,11,27,5,20,1,9,20,28,1,9
124751,29,29,1,26,26,11,20,26,24,4
374454,18,5,28,27,19,27,28,13,0,10
90133,26,20,7,21,29,14,5,9,29,11
200185,12,13,24,28,18,16,17,7,27,7
8844,19,3,18,3,4,2,7,15,16,18
112970,12,13,24,28,18,16,17,7,27,7
883,19,3,18,3,4,2,7,15,16,18
54596,21,24,23,25,9,20,13,19,17,14
79944,10,27,19,26,16,9,20,2,20,1
112849,9,14,9,11,5,22,15,4,4,3
246269,17,23,15,16,24,18,4,29,12,5
3903,19,3,18,3,4,2,7,15,16,18
284217,5,2,11,5,6,7,22,5,26,8
3908,10,29,19,13,16,0,27,10,3,6
3911,28,1,28,29,7,10,19,13,9,28
9215,29,29,1,13,26,11,27,11,24,6
554354,23,29,14,13,26,11,27,10,24,6
23395,23,25,5,27,10,13,10,26,20,17
143903,14,16,3,23,20,15,2,27,10,27
150082,7,1,26,14,15,25,19,0,0,20
253558,19,3,18,3,4,2,7,15,16,18
9836,28,0,28,27,22,10,12,12,6,10
3949,8,11,13,12,25,1,21,17,25,29
753,10,3,18,3,4,2,7,15,16,18
26119,29,29,1,13,26,11,27,10,24,6
11061,19,3,18,3,4,2,7,15,16,18
7044,29,15,14,13,22,28,0,0,24,4
389170,10,29,8,3,16,2,27,15,16,18
93273,19,3,18,3,4,2,7,15,16,18
3953,19,3,8,26,16,2,7,15,16,18
3956,11,21,21,20,28,19,26,25,1,24
55366,19,3,18,3,4,2,7,15,16,18
10184,10,15,1,13,16,11,27,10,3,6
64077,21,12,23,22,8,26,24,19,7,12
89884,23,4,14,1,10,28,26,26,14,17
8994,10,29,19,3,16,9,27,10,3,1
132660,6,7,11,10,9,20,13,24,2,26
642852,1,8,6,18,22,4,12,21,0,4
284029,23,27,14,1,1,13,26,28,1,9
150759,19,3,19,3,16,2,7,2,16,1
147525,19,3,8,26,16,9,7,2,3,18
100287765,27,21,28,10,7,27,11,25,6,10
100272228,27,18,17,14,15,24,1,8,6,23
440993,5,10,16,19,14,24,13,16,27,16
339535,3,0,6,27,27,7,3,24,19,10
84536,12,13,24,28,18,16,17,7,27,7
101927957,23,15,4,4,0,0,20,6,22,19
283551,19,3,18,3,4,2,7,15,16,18
84894,0,15,14,1,22,9,10,26,22,17
158038,5,0,28,0,19,7,28,12,11,10
55180,6,2,16,10,12,26,22,24,19,12
3988,29,8,4,13,26,0,0,6,11,19
3991,1,25,5,27,10,13,9,26,0,17
9388,11,22,21,20,17,19,26,25,14,9
51601,19,3,8,3,4,2,7,15,3,18
387787,10,3,8,26,16,9,20,2,20,1
128077,7,18,17,14,17,13,9,0,6,10
3996,8,11,13,12,25,3,25,17,25,29
3993,1,25,26,27,22,27,14,26,6,17
81562,10,15,5,26,22,9,20,2,20,1
64327,18,11,17,29,25,27,14,17,25,29
92255,20,4,26,18,2,4,6,21,28,2
64788,29,8,1,13,26,11,0,23,24,4
91289,11,21,12,20,22,28,26,11,1,9
89782,7,1,26,1,22,25,19,11,6,20
4005,6,5,22,25,12,24,22,14,23,22
4008,3,8,10,17,6,12,0,23,11,4
25802,19,3,18,3,16,9,7,2,16,1
22853,1,25,5,1,22,0,10,26,11,0
348801,24,21,21,5,28,19,8,25,13,24
222484,5,0,28,27,27,27,28,12,11,28
9361,19,3,19,26,4,2,7,15,16,18
164832,28,0,28,27,27,3,3,13,19,28
4015,29,29,1,13,26,11,27,10,24,6
4017,10,29,5,26,16,9,20,2,3,1
84695,21,6,23,8,2,6,6,1,28,12
80350,19,3,19,26,4,2,7,15,3,18
1902,18,10,13,12,27,1,25,17,25,2
2846,19,3,8,3,4,2,7,15,16,18
10161,1,4,26,1,17,28,10,26,9,17
54947,10,29,19,13,26,2,27,10,3,6
10162,3,0,6,29,19,27,14,16,26,28
64900,10,15,8,1,16,9,20,2,20,1
9404,2,2,16,17,3,7,22,8,19,22
57622,23,27,19,1,1,9,20,28,3,1
78999,10,3,8,26,16,9,20,2,3,1
4035,1,15,14,1,22,13,20,6,20,17
55805,27,5,3,24,15,12,11,12,15,26
4037,5,10,29,24,6,27,6,21,8,8
4038,16,17,20,6,23,29,10,18,18,21
4041,19,3,18,3,4,2,7,15,16,18
91355,11,27,12,20,10,19,26,11,1,9
122769,10,27,8,26,16,9,20,2,3,1
9684,10,27,8,26,16,13,27,2,20,1
55222,19,3,18,3,4,2,7,15,16,18
123355,3,1,21,10,27,23,9,22,6,0
81543,10,3,8,3,16,2,7,2,3,18
374819,28,1,28,27,17,27,28,12,9,28
55073,23,15,19,26,10,9,20,28,3,9
114659,10,3,8,26,4,2,7,15,3,18
127495,6,12,29,19,9,24,29,24,15,23
64101,11,27,14,20,1,19,26,28,1,9
201255,19,3,8,3,4,2,7,15,16,18
94030,20,6,2,18,2,4,6,21,8,2
115399,3,10,29,17,27,12,1,13,8,8
65999,11,22,12,20,1,19,26,28,1,9
221424,1,15,5,26,22,13,20,2,20,1
84230,28,21,21,5,17,13,8,13,13,24
341883,10,27,14,3,16,9,20,2,3,1
127255,17,23,25,16,24,17,4,29,12,5
120892,29,29,14,13,10,11,20,10,20,1
10446,19,3,18,3,4,2,7,15,16,18
26045,16,17,20,6,23,29,23,18,18,21
80059,0,25,14,29,10,28,10,26,22,17
90678,19,3,18,3,4,2,7,15,16,18
220074,29,29,1,13,26,11,0,10,24,6
222229,27,21,26,29,7,27,9,0,0,28
134353,20,6,2,18,2,4,6,21,28,2
124801,5,8,29,0,19,7,0,3,24,4
286006,29,8,1,17,26,7,0,23,24,4
4047,10,29,19,13,16,2,27,10,20,6
1241,20,6,28,0,27,10,6,21,28,2
8425,14,21,3,23,7,23,11,13,11,0
4055,1,22,14,1,1,19,10,28,1,0
541468,22,2,10,24,9,3,13,5,26,8
4067,10,27,14,1,1,9,20,11,20,1
130574,22,10,28,24,27,10,6,13,8,8
388695,0,25,4,4,0,0,10,26,22,19
9762,10,27,19,1,16,9,27,10,20,1
4081,11,27,14,26,1,9,20,28,3,1
10586,8,24,11,24,11,24,24,8,25,23
28992,19,3,8,3,4,2,7,15,16,18
140733,19,3,18,3,4,2,7,15,16,18
23764,9,9,9,22,21,5,18,4,5,3
7975,29,8,6,0,22,9,0,26,11,4
57692,1,1,6,29,22,10,12,26,11,4
100506898,10,29,19,13,16,9,27,10,3,1
4117,16,17,20,6,23,29,23,18,18,21
114569,29,29,1,13,26,11,27,10,24,6
10892,8,11,11,2,11,1,25,8,25,26
84441,18,1,17,10,19,27,3,13,9,26
4121,9,24,23,19,8,5,18,4,17,12
57134,8,10,16,10,11,3,28,12,15,2
4122,23,1,26,29,10,28,10,26,9,0
23324,15,7,11,9,11,26,25,8,17,12
4123,7,0,26,24,7,25,3,0,9,10
643246,1,27,14,1,22,13,9,28,0,17
55201,11,27,5,26,22,9,20,2,3,1
5606,5,18,10,2,19,12,1,16,8,16
5607,16,17,20,6,23,29,23,18,18,21
4296,28,1,6,29,17,25,9,6,9,0
9020,19,3,8,3,4,2,7,15,16,18
389840,1,1,6,18,7,4,12,21,0,20
4215,29,8,1,13,26,11,0,23,24,4
9064,5,2,29,17,15,7,14,16,8,16
1326,11,22,12,29,28,19,21,25,1,9
4293,0,25,14,27,22,0,10,26,22,28
5871,19,3,8,3,4,2,7,15,16,18
9053,19,3,18,3,4,2,7,15,16,18
256714,24,21,21,5,28,23,8,22,13,24
6300,2,0,10,24,27,3,1,13,8,23
5603,22,2,16,17,7,7,22,24,15,8
225689,29,8,1,1,26,11,0,23,11,4
5596,10,3,8,3,4,2,7,15,16,18
5598,29,29,1,13,26,11,27,10,24,6
9479,10,27,19,26,16,9,20,2,20,1
23162,22,10,28,0,6,10,3,5,19,8
7867,10,15,5,26,16,9,20,2,20,1
23005,19,3,18,3,4,2,7,15,16,18
22924,7,1,17,24,7,25,28,12,9,28
4137,18,11,13,12,25,1,21,17,25,29
64757,18,2,10,12,6,10,14,5,15,8
54996,21,9,22,9,8,21,15,4,23,3
55016,7,18,26,27,22,25,9,11,9,20
51257,15,9,22,9,13,22,18,4,23,14
115123,11,27,14,20,1,9,26,2,1,1
92979,9,28,9,11,5,8,15,20,29,15
92935,1,4,14,26,10,25,9,2,3,17
83742,8,11,13,12,25,1,21,17,25,29
22983,27,1,28,29,10,27,9,26,6,28
23139,27,1,17,14,15,27,14,0,11,20
23031,27,21,26,27,17,28,19,12,9,10
4149,19,3,19,26,16,9,20,2,3,1
115004,10,29,8,26,16,2,27,10,20,6
151963,5,10,11,24,2,10,22,16,8,16
8932,1,4,28,27,17,28,12,26,11,17
53615,11,22,21,1,1,19,26,11,1,9
114785,9,9,9,11,8,22,15,4,23,15
255374,0,25,5,4,10,13,12,26,20,17
153364,28,0,28,27,27,10,19,12,6,10
55796,0,25,5,29,10,0,9,26,9,17
4163,22,18,10,27,27,24,1,13,6,10
64087,7,21,21,5,17,13,12,6,14,0
84693,16,15,20,29,23,13,23,18,0,17
4168,1,1,21,18,22,4,12,28,1,28
23101,6,6,29,24,19,7,3,5,19,2
254394,0,0,26,27,10,13,19,26,6,17
57192,1,4,14,27,10,28,19,26,14,17
79772,15,12,23,9,3,5,18,14,4,22
55013,12,13,20,28,18,16,17,7,18,7
161357,6,2,11,19,9,24,18,24,19,16
51102,6,2,10,24,9,10,1,12,19,16
9968,19,3,18,3,4,2,7,15,16,18
9282,11,1,5,20,1,19,9,28,14,9
10025,7,18,26,27,17,25,9,0,9,20
54797,1,15,5,12,25,9,21,17,0,17
9477,2,24,16,17,3,20,13,24,19,22
9439,11,22,5,1,1,19,10,28,1,9
9441,10,15,14,1,16,9,20,2,20,1
55090,29,29,1,13,26,11,27,10,24,6
4208,7,4,6,29,22,10,12,26,11,28
4209,19,3,18,3,4,2,7,15,16,18
1953,11,22,12,1,1,13,26,28,1,9
284071,19,3,18,3,4,2,7,15,16,18
4241,10,29,1,1,16,9,27,10,20,1
51072,10,15,8,26,16,9,20,2,20,1
4221,0,25,4,4,22,0,10,26,22,19
56257,11,21,21,5,28,19,26,25,14,9
10461,27,22,28,5,17,19,12,25,1,24
59274,10,27,14,26,16,9,20,2,20,1
4233,24,21,12,5,28,19,8,25,13,24
254042,10,25,19,26,0,0,20,2,20,19
4234,22,0,29,0,6,7,14,3,8,8
751071,16,17,20,6,23,29,23,18,18,21
51603,14,18,3,23,27,10,11,22,15,27
196074,23,27,5,26,16,28,20,2,20,6
25895,29,15,14,13,26,13,9,26,24,17
79091,10,29,19,26,16,9,27,2,3,6
84190,23,15,19,26,22,9,20,2,0,1
399664,5,8,6,0,19,10,0,16,26,4
4238,1,27,5,29,25,28,12,28,0,20
9848,13,16,27,15,20,15,2,27,10,13
126321,7,0,26,27,17,28,9,12,6,28
84641,10,3,19,3,16,9,20,2,3,1
84278,23,29,19,13,26,11,27,10,24,6
113655,7,18,28,14,15,3,19,8,6,10
84975,12,13,24,28,18,16,17,7,19,7
256471,7,18,17,14,17,25,19,0,6,20
84804,20,6,6,18,6,27,14,21,8,2
4247,19,3,18,3,4,2,7,15,16,18
4248,10,27,19,26,16,9,20,2,3,1
11320,1,15,8,26,16,13,20,2,3,1
11282,10,29,8,26,16,2,27,10,3,6
4249,24,22,21,5,28,19,8,25,13,24
4255,10,29,19,13,16,11,27,10,3,6
100507436,15,12,23,9,12,5,18,14,23,22
57553,23,22,21,20,28,19,26,25,14,24
85377,11,22,12,5,28,19,26,25,1,24
79778,10,29,14,26,16,9,20,2,20,1
286097,21,12,22,25,14,21,29,4,2,22
11043,18,11,13,12,25,1,21,17,25,29
125170,18,0,6,24,25,1,21,17,26,2
54531,10,27,5,1,16,13,20,2,20,1
84895,10,3,8,26,16,9,7,15,20,18
60672,3,11,28,10,7,23,14,12,25,29
84864,15,24,22,19,3,26,29,5,19,12
50488,16,17,20,6,23,29,23,18,18,21
4285,0,25,19,26,10,9,20,6,3,1
407975,10,15,8,1,16,9,20,2,3,1
84981,1,27,5,1,10,13,12,26,0,17
4286,18,5,10,17,6,7,28,5,26,29
57591,10,29,19,3,4,9,27,15,3,6
54903,11,22,12,5,28,19,26,25,1,24
4302,28,1,10,29,7,27,14,6,8,10
166785,10,3,8,3,16,2,7,2,3,18
25974,1,4,26,27,22,28,12,6,20,17
93380,29,29,19,26,16,9,27,2,20,1
4324,22,5,10,2,15,12,22,8,26,8
4313,23,15,5,1,10,13,20,26,0,1
253714,11,22,17,20,17,19,26,25,14,9
4330,19,3,18,3,4,2,7,15,16,18
84057,23,1,5,27,22,28,9,11,20,17
4335,23,27,26,1,22,9,20,2,0,1
81532,27,18,26,14,7,25,3,0,6,20
126308,5,2,11,0,6,7,28,23,15,8
79817,0,25,4,4,0,0,10,26,22,19
4337,10,27,8,26,16,9,20,2,3,1
27304,0,25,4,4,0,0,10,11,22,19
7841,19,3,8,26,16,9,7,2,16,18
84315,9,14,9,22,5,8,24,19,2,14
10934,10,29,1,13,26,11,27,10,24,6
79906,1,27,5,26,10,9,20,2,20,1
283385,1,25,14,1,22,13,20,26,20,17
4343,29,29,14,26,10,0,20,10,3,1
26002,2,24,11,2,11,21,13,16,2,12
9526,17,23,15,16,24,18,4,29,12,5
84954,1,27,5,29,10,28,12,26,0,17
4355,1,1,5,12,25,13,21,26,0,17
4356,0,25,4,4,0,0,10,26,22,19
255027,24,21,21,20,28,19,8,25,14,24
22808,10,29,19,13,16,11,27,10,24,6
55686,19,3,18,3,4,2,7,15,16,18
84245,28,4,5,27,22,28,12,26,9,17
55178,8,7,23,10,11,24,25,16,2,12
727957,19,3,18,3,4,2,7,15,16,18
140699,16,17,20,6,23,29,23,18,18,21
6182,2,0,11,17,14,21,1,3,17,12
51263,10,27,5,26,16,9,20,2,3,1
51373,23,27,5,26,10,9,9,2,20,1
51116,24,21,12,5,28,19,8,25,13,24
10335,11,22,21,5,28,19,8,25,14,24
4439,27,18,26,29,17,25,9,0,6,10
55167,19,3,8,3,4,2,7,15,16,18
151507,28,6,6,0,19,4,28,21,26,2
4481,22,7,17,10,15,23,22,22,26,26
4482,23,27,14,1,22,13,20,26,20,17
51734,27,5,6,10,17,3,28,12,6,0
4485,2,12,11,25,9,21,22,14,19,22
55154,11,21,21,5,7,25,26,11,14,24
9219,27,1,26,24,19,12,3,12,26,0
27085,23,1,14,12,22,27,12,11,0,17
123263,8,7,16,10,11,20,1,17,19,26
51537,10,15,8,1,16,9,20,2,3,1
113115,10,29,8,3,16,9,20,2,20,1
92170,5,0,10,0,6,10,28,12,8,10
26164,0,4,5,4,0,13,10,26,9,17
4522,1,1,5,29,10,28,10,6,0,17
441024,10,27,14,26,1,9,20,2,20,1
4524,10,15,19,1,16,9,27,2,20,1
10588,1,1,26,4,17,10,9,26,0,17
64779,22,10,29,17,27,10,1,16,19,16
4534,29,29,1,13,26,11,27,10,24,6
8776,12,17,20,28,18,16,17,18,27,21
54893,24,22,12,20,28,19,8,25,14,24
54545,11,27,12,20,1,19,26,11,14,9
64419,18,1,28,27,25,4,14,12,0,28
9108,12,13,24,28,18,16,17,7,27,7
25821,15,9,22,19,8,5,15,4,5,3
2475,10,27,19,26,16,9,20,2,20,1
9617,11,22,12,5,1,19,26,28,14,24
100463486,5,0,10,24,6,10,19,13,8,8
4552,5,0,6,0,19,10,28,13,11,10
92154,6,7,29,17,9,20,1,5,15,23
23281,11,22,12,5,1,19,26,28,1,9
79594,10,3,8,3,16,2,20,2,3,1
347273,15,12,9,9,3,5,18,4,5,3
4595,10,27,14,1,16,11,27,10,3,1
89853,29,29,14,13,10,11,27,26,24,17
4597,23,15,19,26,10,9,20,2,3,1
4598,17,23,15,16,24,18,4,18,12,5
4084,11,22,12,5,28,19,8,25,13,24
83463,6,7,16,17,9,20,22,8,17,26
25878,29,8,6,29,22,11,0,23,20,4
439921,10,15,19,26,16,9,20,2,3,1
4602,6,10,10,19,9,12,22,5,19,8
10514,18,11,13,12,25,1,25,17,25,29
4603,7,4,26,27,7,28,9,6,6,28
4605,1,27,5,1,22,25,20,2,0,17
26292,10,15,8,26,16,9,20,2,3,1
84073,6,12,29,25,21,21,18,3,23,22
4610,5,0,10,0,6,7,3,5,15,16
4613,2,24,16,19,14,20,29,24,17,12
4615,10,29,8,26,16,9,27,10,20,1
4618,8,27,5,12,25,1,21,28,0,29
4629,19,3,18,3,4,2,7,15,16,18
4621,29,8,1,13,26,11,0,6,24,4
4635,10,29,8,3,16,9,27,10,3,6
4638,20,6,2,18,2,4,6,21,28,2
80022,5,18,17,27,15,25,3,16,11,26
23026,27,15,12,20,7,28,9,0,0,20
399687,1,27,5,1,10,9,20,2,3,1
80179,19,3,18,3,4,2,7,15,16,18
4642,2,10,29,19,12,7,1,3,19,22
4643,19,3,8,3,4,2,7,15,16,18
140469,27,1,21,20,28,19,26,25,14,24
8736,3,2,10,17,14,7,14,5,19,16
58529,18,22,14,20,1,19,26,28,1,9
91977,23,27,14,1,16,13,10,26,0,1
339344,10,3,8,26,16,9,20,2,20,1
7593,15,13,24,28,18,16,17,7,2,22
23138,22,10,29,2,6,10,28,16,26,8
29104,23,15,14,1,22,9,20,2,20,1
79903,0,25,4,4,0,0,10,11,22,19
27163,10,29,19,13,16,2,27,10,20,6
254827,27,4,28,14,10,13,19,0,6,10
4665,23,27,8,1,10,9,20,2,3,1
64859,25,24,23,2,21,5,13,1,23,12
23148,19,3,8,3,4,2,7,15,3,18
112939,7,1,17,14,7,13,9,0,9,20
138151,23,15,1,13,22,11,20,6,24,17
65220,1,27,12,1,1,19,10,28,1,9
133686,7,22,5,20,17,25,26,25,14,24
55191,24,22,12,5,28,23,8,25,13,24
4669,23,27,5,26,22,9,20,2,3,1
51172,23,27,19,1,16,9,20,2,3,1
203245,27,1,26,27,19,10,19,0,11,10
340719,3,7,16,10,9,26,1,22,2,26
140838,18,11,12,12,25,1,21,17,1,29
4674,10,29,8,26,16,9,27,10,3,6
266812,10,29,8,3,16,11,27,10,3,6
8775,19,3,18,3,4,2,7,15,16,18
63908,1,15,5,1,10,9,20,2,20,1
222236,19,3,8,3,4,2,7,15,16,18
79731,10,29,8,26,16,9,27,2,3,1
9,24,22,12,20,28,19,8,25,14,24
339983,5,18,17,14,15,12,28,0,8,16
26151,27,21,6,27,19,27,28,23,26,0
256302,10,27,8,26,16,9,20,2,20,1
55672,19,3,8,3,4,2,7,15,16,18
100132406,29,15,14,1,10,11,27,2,3,1
200030,23,21,21,18,22,4,12,21,0,28
149013,23,1,14,29,10,28,10,11,9,17
25832,8,4,6,29,7,1,14,26,22,0
101929780,0,22,12,5,17,28,8,25,1,24
84224,1,25,14,27,10,28,19,26,0,28
400818,20,0,26,27,7,27,19,13,9,0
4685,1,1,17,12,25,25,21,17,0,29
9918,1,4,26,27,22,28,19,6,1,0
23154,23,27,5,20,1,9,26,11,3,9
57552,1,15,17,1,22,25,11,11,0,17
4690,23,27,14,20,1,19,20,28,1,9
57701,24,21,21,20,28,23,8,25,13,24
51517,15,28,23,22,8,5,29,14,2,3
56926,8,0,13,24,19,3,28,17,25,29
374383,5,4,29,0,19,27,12,13,26,4
55706,7,18,17,1,7,25,9,0,14,24
54820,23,4,12,27,22,28,12,26,14,17
79625,7,0,17,27,7,27,19,12,9,0
57447,10,3,8,26,16,9,20,2,3,1
3340,23,27,5,26,16,9,20,2,20,1
91942,11,22,12,5,1,19,8,28,13,9
4703,1,15,5,26,10,28,20,26,20,0
54550,19,3,18,3,4,2,7,15,16,18
63941,5,8,6,17,27,7,0,23,8,4
5818,7,4,17,14,10,13,19,0,6,0
4734,18,21,21,5,1,28,21,25,1,9
4744,23,15,8,26,10,9,20,2,3,1
257194,7,4,14,14,10,25,9,0,0,20
79661,5,8,29,0,6,7,14,23,26,8
55247,8,11,13,12,25,1,21,17,25,29
152110,10,29,19,13,26,11,27,10,20,6
341676,0,25,14,4,0,0,10,26,11,19
140609,20,6,2,8,2,6,6,1,28,2
284086,11,27,14,20,1,9,26,11,1,9
23306,27,1,17,27,7,25,9,0,0,20
100131211,10,3,8,26,16,9,20,2,20,1
10825,29,8,1,13,10,11,0,23,24,6
54492,7,1,6,27,17,27,19,13,6,28
23114,24,7,3,10,27,23,11,22,13,26
4772,24,7,16,10,27,23,11,22,13,26
4775,26,9,0,7,13,22,15,20,27,7
9603,10,3,8,3,16,9,7,2,3,18
4774,23,15,5,26,16,9,20,2,3,1
4781,2,5,16,2,15,12,1,8,17,16
4782,0,25,4,4,0,0,12,26,22,19
4783,19,3,8,26,4,2,7,2,3,1
4791,29,29,1,13,26,11,27,10,24,6
4793,17,23,15,16,24,18,4,29,12,5
4794,28,0,26,27,17,28,19,13,9,10
64332,11,27,12,1,1,0,26,28,1,9
9054,11,15,12,20,17,28,9,28,14,9
4800,16,17,20,6,23,29,23,18,18,21
25791,1,15,14,1,1,13,20,11,0,17
4804,3,0,10,8,2,6,13,22,28,2
340527,15,7,22,2,11,26,25,14,2,22
4811,3,0,26,27,7,28,9,13,9,28
60491,0,25,5,4,22,0,10,26,20,17
4814,11,27,19,1,1,9,20,11,14,9
28512,20,6,2,18,7,4,14,21,11,2
7080,22,5,28,27,7,7,19,16,26,10
644524,7,1,12,29,17,25,9,0,6,10
4825,16,17,20,6,23,16,23,18,18,21
54475,10,29,8,26,4,9,27,10,20,6
22871,23,1,14,29,22,28,20,6,0,17
54413,19,3,18,3,4,2,7,15,16,18
338323,0,25,14,4,26,0,12,26,22,17
55655,1,4,26,18,10,13,12,12,0,28
79671,7,0,26,0,27,27,3,12,6,28
4828,16,17,20,6,23,29,23,18,20,21
283458,19,3,8,26,16,9,20,15,16,18
9111,19,3,18,3,4,2,7,15,16,18
64802,21,9,9,11,8,8,15,20,23,14
54981,1,15,14,4,22,13,10,11,0,0
10874,10,27,14,26,10,28,20,2,3,1
4837,10,27,5,1,16,9,20,2,20,1
79050,5,2,29,24,6,3,14,12,11,28
25819,19,3,8,3,4,2,7,15,3,18
10392,11,22,14,20,1,19,26,11,14,9
79159,10,27,5,1,1,9,26,2,3,1
65083,11,21,21,5,28,19,26,25,1,9
23420,19,3,8,3,4,2,7,15,16,18
51491,1,4,5,18,17,4,10,21,9,0
4839,23,21,14,20,1,19,9,28,0,9
161424,24,21,21,29,17,23,11,22,6,26
115677,15,2,23,25,8,20,29,3,17,22
4851,6,10,16,24,14,20,22,24,17,23
4854,20,11,13,12,7,27,14,21,0,28
4855,19,3,18,3,4,2,7,15,16,18
4858,7,1,17,14,17,25,9,0,9,10
4861,10,29,8,26,16,9,27,2,3,1
4864,19,3,8,3,4,2,7,15,16,1
79716,9,14,9,11,8,5,29,4,4,14
261734,10,29,14,13,16,0,10,2,22,1
55666,19,3,19,3,4,2,27,15,3,6
10360,11,27,12,1,1,19,26,28,14,9
4882,19,3,18,3,4,2,7,15,16,18
10641,19,29,8,26,16,2,7,15,3,18
4885,24,21,11,10,27,23,3,22,13,26
23467,19,3,8,26,16,2,20,2,20,1
4852,23,15,14,1,1,13,26,28,1,9
4886,1,15,5,1,10,9,12,11,0,17
4889,19,3,8,3,4,9,7,15,16,18
4835,8,11,13,12,11,1,25,17,25,29
7376,22,4,6,17,19,4,14,21,8,0
10062,11,15,5,1,1,13,10,11,14,9
126382,26,28,0,11,5,22,15,20,4,11
3164,19,3,18,3,4,2,7,15,16,18
8013,7,18,17,27,7,3,19,12,9,28
2494,24,21,21,5,17,19,8,25,14,10
340371,11,27,14,20,1,9,26,2,1,1
4899,5,8,10,17,6,7,0,16,26,4
10718,29,10,6,29,22,9,20,23,11,4
4900,10,15,19,26,16,9,20,2,3,1
4901,0,25,14,1,0,9,10,26,20,17
80023,2,28,23,25,12,26,24,14,2,14
9378,23,27,19,1,16,13,20,2,20,1
9379,10,29,8,26,16,9,20,2,20,1
9369,18,27,5,12,25,0,21,26,0,17
50814,1,1,5,29,22,28,12,6,22,17
4905,3,4,28,29,22,28,12,13,6,10
8439,21,7,16,10,9,20,6,24,17,12
26012,19,3,8,3,4,2,7,15,16,18
387338,18,25,5,27,10,28,12,11,0,17
55695,23,21,21,29,17,19,26,6,9,20
155400,22,2,11,25,9,24,13,3,15,22
51559,5,0,26,27,6,27,14,13,9,28
4908,8,11,13,12,25,1,21,17,25,29
4913,18,11,28,12,25,27,21,12,0,0
59277,10,15,5,26,10,9,20,26,3,1
4915,23,4,5,1,22,28,10,6,22,17
4916,10,3,19,3,16,2,7,15,16,18
4922,20,6,2,8,2,6,6,1,28,2
81788,17,23,15,16,24,18,4,29,12,5
170685,9,12,9,7,13,8,15,4,4,11
25961,18,6,28,18,25,1,12,21,25,0
390916,10,29,19,26,16,11,27,10,20,1
84304,11,22,12,5,1,19,26,28,14,9
11162,25,24,23,8,2,6,29,1,17,3
283927,10,3,8,26,16,2,7,15,16,18
254552,29,8,1,4,10,13,0,26,24,17
9253,7,4,6,29,22,27,9,12,11,20
23279,11,4,5,20,1,19,26,28,1,9
23511,0,25,4,1,0,0,20,2,22,19
23165,25,6,2,8,2,6,6,1,28,2
23225,10,29,1,13,10,9,27,11,24,6
129401,18,4,6,18,22,4,28,21,28,0
54830,11,22,5,12,25,19,21,28,1,9
4928,27,18,10,14,27,23,19,8,6,23
116150,1,1,26,29,10,25,9,11,0,20
91775,1,15,14,20,1,28,20,28,20,17
11247,19,3,18,3,4,2,7,15,16,18
55916,1,22,12,20,25,1,21,17,14,29
57523,19,3,18,3,4,2,7,15,16,18
220323,28,25,14,27,22,28,12,6,22,0
84033,4,20,7,11,5,22,16,20,29,25
79629,1,27,5,29,22,9,10,26,20,17
100506658,11,27,14,1,1,19,20,11,1,9
4952,22,2,10,0,7,12,3,12,8,8
440836,10,15,14,26,16,9,20,2,3,1
79701,10,3,8,26,16,9,27,2,3,18
11054,11,22,21,5,28,19,8,25,1,24
79627,11,22,14,1,1,19,26,28,1,9
11339,20,6,2,8,2,6,6,1,28,8
93145,27,18,26,29,7,25,9,0,9,20
25903,18,11,13,12,25,27,21,17,25,29
56944,25,12,9,8,21,8,24,1,4,3
90271,1,0,5,29,22,27,19,26,0,28
115209,11,22,14,1,1,19,26,28,14,9
4983,1,4,6,27,22,27,12,13,11,0
23596,19,3,18,3,4,2,7,15,16,18
4998,19,3,18,3,4,2,7,15,16,18
5001,5,8,10,0,6,13,14,23,26,4
23762,10,15,8,26,16,9,20,2,3,1
114879,19,3,18,3,4,2,7,15,16,18
114880,0,25,4,4,0,0,10,26,22,19
114881,28,2,6,2,6,12,14,5,11,2
127700,19,3,18,3,4,2,7,15,16,18
64172,24,21,28,5,27,28,12,21,13,0
734,8,10,13,12,15,1,25,16,25,29
202459,10,29,19,13,16,11,27,10,24,6
78990,22,5,10,0,6,27,28,12,8,8
220213,5,2,6,0,19,7,14,23,8,4
360227,19,3,8,3,4,2,7,15,16,18
55593,0,4,5,1,10,13,12,26,20,17
90268,0,25,4,4,0,0,12,26,22,19
5013,27,18,17,24,27,25,3,0,6,0
165140,10,29,8,26,16,9,27,2,3,1
339229,10,27,8,26,10,9,20,2,3,1
92106,10,15,8,26,16,9,20,2,20,1
54995,19,3,19,3,4,2,7,15,3,18
5028,10,29,8,26,16,2,27,10,3,6
5032,7,4,17,27,10,25,9,11,6,9
55214,0,25,4,4,16,0,10,26,22,1
10536,24,22,12,5,28,19,8,25,13,24
132430,20,6,2,8,2,4,6,1,28,2
140886,19,3,18,3,4,2,7,15,16,18
29993,11,21,21,1,1,19,26,28,1,9
29763,19,3,18,3,4,2,7,15,16,18
55824,24,5,29,0,19,10,14,25,26,8
79447,21,7,3,10,27,23,11,22,13,12
400961,1,27,3,26,10,13,11,11,0,17
10298,23,15,5,26,1,9,20,28,1,9
57144,2,7,16,8,9,20,22,24,7,12
56924,6,6,2,24,6,7,6,5,8,8
342979,11,21,12,1,1,19,26,28,14,9
255967,19,3,8,26,4,2,7,15,16,18
53354,28,0,28,24,17,27,3,13,6,10
55229,6,2,16,24,9,3,13,5,19,23
24145,27,18,17,29,17,25,9,0,6,0
196743,27,18,28,14,17,27,19,0,6,20
11044,10,3,8,3,4,2,7,15,16,18
124222,29,29,1,13,26,11,27,10,24,6
79957,22,10,29,0,6,7,28,3,8,8
85315,10,29,8,26,10,11,27,10,3,6
117583,7,5,26,27,17,28,19,0,0,10
50855,0,25,4,4,0,0,20,26,22,19
5071,19,3,18,3,4,2,7,15,16,18
54625,19,3,8,3,4,2,7,15,16,18
54956,7,25,6,4,22,28,12,6,22,17
83666,29,8,1,13,26,11,27,10,24,6
55010,23,27,26,26,22,25,9,0,0,9
25973,10,29,19,26,16,9,27,10,3,6
29780,23,27,14,1,16,9,20,2,3,1
23178,23,27,5,26,16,9,20,2,20,1
5080,23,27,5,26,16,9,20,10,3,6
55872,24,21,12,20,28,19,8,25,14,24
64081,1,1,26,29,17,25,10,6,0,0
5089,19,3,8,3,4,2,7,15,16,18
80714,20,6,2,18,2,4,6,21,28,17
5091,29,8,6,0,22,11,0,23,11,4
84105,0,25,4,4,0,0,10,6,22,19
54039,9,26,9,7,5,22,16,20,29,11
5097,7,1,26,29,17,25,14,0,0,20
57575,11,27,14,13,7,28,9,22,0,17
83259,23,27,5,26,10,9,20,2,3,1
27253,10,3,8,3,4,9,7,2,3,18
57526,29,15,5,13,10,28,10,11,20,6
56144,29,8,6,29,22,9,0,26,3,4
56143,19,3,8,3,4,2,7,15,16,18
56142,23,1,14,29,22,28,9,26,9,17
9752,1,27,19,13,22,13,9,11,20,0
56124,19,3,18,3,4,2,7,15,16,18
56123,10,3,19,26,16,2,20,2,3,1
56132,10,3,8,26,16,9,27,2,3,18
56129,19,3,18,3,4,2,7,15,16,18
56106,29,8,1,13,26,11,0,23,24,4
56109,7,18,17,14,15,25,3,0,6,20
56099,21,9,23,22,8,8,18,4,2,14
5098,23,27,19,26,1,9,20,28,20,1
84759,19,3,8,3,4,2,7,15,16,18
63935,29,8,6,0,6,13,0,23,8,4
5106,10,29,8,26,16,9,27,10,3,1
399909,10,15,14,20,16,9,20,11,3,1
5118,19,3,8,3,4,2,7,15,16,18
54760,19,3,18,3,4,2,7,15,16,18
5125,19,3,8,3,4,2,7,15,3,18
58488,10,29,8,26,16,9,27,2,3,6
9468,10,3,19,26,16,9,20,11,3,1
84306,9,14,7,11,5,22,16,9,29,11
10846,11,27,12,20,1,19,26,28,1,9
201626,0,4,6,29,10,27,12,26,11,17
5137,22,5,6,2,27,10,19,13,8,10
5140,16,17,20,6,23,29,23,18,18,21
5143,27,1,17,29,17,25,9,0,6,10
64146,12,13,24,28,18,16,23,7,27,7
5154,21,2,11,24,9,24,28,5,15,8
5157,19,3,8,26,4,9,7,15,3,18
10954,28,1,26,29,22,19,14,13,9,0
5164,21,7,23,22,11,26,24,19,2,26
5165,7,1,26,29,7,27,19,13,9,0
9124,23,1,19,13,10,28,9,26,9,17
27295,5,2,11,2,15,10,1,16,26,16
8572,3,1,6,29,19,10,28,13,11,0
54704,26,9,9,11,5,22,16,20,7,14
57546,18,4,4,29,22,0,12,6,11,28
10630,23,22,12,1,10,13,26,11,1,9
57107,10,27,8,26,4,9,20,2,20,1
57595,23,27,5,1,22,9,20,6,3,1
157310,27,1,17,14,17,25,9,0,1,20
55825,2,5,11,2,27,10,13,5,8,10
57161,1,27,5,1,10,9,20,2,0,17
246330,20,6,10,8,2,6,6,12,15,2
10400,10,3,8,26,4,9,20,2,3,1
8863,11,22,21,5,28,19,26,25,1,9
8799,24,21,21,5,28,19,14,25,1,24
92960,5,5,28,27,27,25,19,13,9,28
5193,10,29,8,3,16,2,27,15,16,6
5194,3,5,6,17,27,10,19,12,6,10
5195,3,5,10,2,6,10,28,13,26,10
9409,7,18,17,14,17,25,19,0,9,20
5824,19,3,18,3,4,2,7,15,16,18
8504,19,3,18,3,4,2,7,15,16,18
5830,24,22,12,5,28,19,8,25,1,10
51555,10,25,8,4,0,0,20,2,20,19
5190,11,22,12,20,1,19,26,28,14,9
5191,11,15,14,1,1,9,20,11,20,9
5198,3,4,28,29,19,28,14,13,9,0
5208,20,6,2,8,2,6,6,1,28,2
5224,14,16,3,23,23,18,11,5,10,26
192111,23,27,14,13,16,28,20,6,20,1
93210,19,3,18,3,4,2,7,15,16,18
267002,11,27,21,1,1,19,26,28,14,9
5228,10,15,5,1,16,9,20,2,3,1
5239,11,22,21,5,28,19,26,25,14,24
9489,1,1,26,18,22,13,12,26,9,17
221692,20,10,2,24,19,20,6,5,28,2
80012,2,24,11,25,14,26,13,24,15,16
26147,29,8,6,17,6,7,0,23,26,4
51533,10,27,14,26,16,9,20,2,20,1
5255,21,24,22,19,14,21,29,14,19,22
5256,0,4,14,1,10,13,10,11,22,17
5260,19,3,18,3,4,2,7,15,16,18
5261,0,25,4,29,0,0,10,26,22,19
22822,28,0,29,10,19,27,28,16,8,10
23612,0,25,4,4,0,0,10,26,22,19
653583,10,15,19,26,16,9,20,2,20,1
23239,18,11,13,12,25,1,25,17,25,29
23035,19,3,8,3,4,9,7,2,3,18
493911,11,15,12,20,1,19,26,28,1,9
254295,3,0,28,27,17,3,19,12,9,28
55361,18,0,13,12,19,1,14,16,25,29
55300,10,29,19,13,16,11,27,10,3,6
728233,2,2,22,19,6,24,13,8,17,16
196500,12,13,24,28,18,16,17,7,27,7
9463,11,15,5,26,1,19,9,28,14,9
55367,3,4,26,27,17,27,19,12,9,28
9780,23,27,5,26,10,9,9,2,20,1
80119,1,25,4,20,1,0,10,11,22,17
5277,10,27,14,26,16,9,20,2,3,1
9488,14,7,3,23,20,15,2,27,10,27
23556,22,8,10,17,7,7,0,23,11,4
84720,1,27,14,18,10,9,20,11,3,17
9091,6,18,11,0,6,12,19,5,26,16
55650,9,28,9,7,13,22,16,14,4,3
284098,19,3,18,3,4,2,7,15,16,18
120379,3,6,6,18,17,13,28,13,8,28
5287,1,15,14,1,10,28,20,2,20,1
5291,28,15,5,29,22,28,12,26,20,17
113791,28,1,28,29,22,28,19,23,0,20
30849,16,17,20,6,23,29,23,18,18,21
29992,6,7,16,10,11,20,24,19,2,3
29990,10,27,8,26,16,9,20,2,20,1
5292,28,10,6,17,6,10,14,12,15,4
415116,19,3,18,3,4,2,7,15,16,18
728758,5,5,10,24,19,7,22,8,15,23
65018,24,22,12,5,28,19,8,25,14,24
54984,23,27,5,26,16,13,20,2,20,1
5305,28,1,4,27,7,27,12,6,22,28
79837,10,3,19,26,16,9,7,15,3,18
8395,10,29,8,26,16,2,27,15,3,6
23396,6,10,10,2,9,3,22,5,19,23
138429,28,4,6,18,19,4,6,21,0,28
51268,22,0,10,2,19,10,14,13,8,2
26207,18,4,6,29,25,13,21,17,26,4
9600,1,21,13,12,25,28,21,25,0,0
83394,1,1,17,1,10,25,9,0,0,0
5310,5,8,16,0,19,7,0,23,26,4
27039,0,15,14,26,16,9,20,2,20,1
91461,7,18,28,14,15,25,9,0,6,20
9088,10,29,8,26,16,9,27,11,3,1
5585,2,28,29,24,14,21,1,24,17,12
29941,12,13,24,28,23,16,23,7,18,7
23659,5,4,28,27,22,13,12,23,0,0
11145,11,21,12,20,28,19,26,25,14,28
5321,20,6,10,27,6,4,28,13,14,0
5325,19,3,19,26,16,2,7,2,3,18
5326,29,8,19,13,26,13,0,26,24,6
5329,19,3,18,3,4,2,7,15,16,18
79887,29,29,8,13,26,11,27,10,20,1
196463,10,3,8,26,16,9,27,2,20,18
5330,21,12,22,8,21,6,29,1,17,12
5331,20,6,2,8,2,6,6,21,28,2
113026,22,10,16,10,14,12,1,5,19,12
84812,10,27,19,26,16,9,20,2,20,1
55344,11,27,14,1,1,19,26,28,1,9
345557,6,0,11,2,14,20,22,13,19,8
5337,3,11,16,10,11,27,21,16,25,26
5338,11,22,21,20,1,19,26,28,1,9
5339,15,26,9,9,8,8,15,14,23,14
144100,10,27,14,1,16,2,20,2,20,1
58473,0,25,4,4,0,0,10,26,22,19
79666,29,29,1,13,26,11,27,10,20,6
26030,28,4,28,27,7,27,12,13,9,28
25894,3,5,16,10,27,3,28,22,15,26
57449,10,15,14,1,16,9,20,2,3,1
57475,29,8,6,29,26,11,0,23,11,4
79990,11,22,12,20,1,19,26,11,14,9
9842,5,5,16,2,12,24,1,16,8,8
440456,10,27,5,1,10,9,20,2,3,1
23207,28,18,26,29,7,13,14,0,25,29
389072,11,27,14,26,1,9,20,2,3,1
80301,19,3,18,3,4,2,7,15,16,18
440503,26,26,9,11,13,22,15,20,5,11
5347,3,18,16,17,27,3,22,5,15,10
1263,8,11,13,12,25,1,21,17,25,29
10733,1,27,5,29,22,13,20,26,0,17
8985,10,27,14,1,16,9,20,2,20,1
196051,27,1,28,24,15,25,19,0,9,28
403313,29,29,1,13,26,11,27,10,24,6
5357,23,15,14,1,22,9,20,2,3,1
5359,23,29,19,26,16,2,20,2,3,1
55558,11,22,21,5,1,19,8,25,14,24
23654,10,29,8,26,16,9,27,2,20,6
23129,29,29,19,13,26,11,27,10,24,6
5366,25,12,23,8,2,6,29,1,15,12
56937,3,10,29,17,27,7,14,23,15,4
83449,11,15,19,1,10,13,26,28,14,9
5371,2,24,23,19,14,21,22,19,7,12
23203,10,3,19,3,16,2,7,15,20,18
5379,7,0,28,29,17,10,19,23,0,17
29944,10,27,19,3,16,9,20,2,20,1
84968,6,24,11,19,14,20,29,5,17,22
4860,28,4,26,27,7,10,19,13,9,0
57104,19,3,18,3,4,2,7,15,16,18
80339,1,11,14,12,25,1,12,26,0,29
10908,29,8,1,13,26,11,0,23,24,4
25886,23,27,5,20,1,9,20,11,0,9
50512,23,27,5,26,1,9,26,28,20,9
23509,23,15,8,26,16,9,20,2,20,1
23649,23,29,14,20,16,9,20,11,20,1
5424,29,29,1,13,26,11,27,10,24,6
5426,11,22,21,20,28,19,26,25,14,24
5427,27,18,26,29,15,25,28,0,25,0
5428,24,22,12,5,28,19,8,25,13,24
11232,0,25,4,4,0,0,10,26,11,19
5429,19,3,18,3,4,2,7,15,16,18
27343,19,3,18,3,4,2,7,15,16,18
27434,19,3,18,3,4,2,7,15,16,18
353497,10,29,1,13,16,11,27,10,20,6
10721,1,27,5,1,16,9,20,2,3,1
25885,19,3,8,3,4,2,7,15,16,18
84172,28,0,6,29,22,27,0,13,11,0
64425,7,1,17,14,17,28,9,0,6,10
548644,10,3,19,3,4,2,7,15,16,18
10622,19,3,18,3,4,2,7,15,3,18
51728,10,15,14,26,16,9,20,2,3,1
5442,19,3,18,3,4,2,7,15,16,18
55624,27,1,28,17,19,27,12,13,8,28
84892,23,15,19,26,16,11,27,10,20,6
84197,19,3,19,3,4,2,7,15,16,18
29954,19,3,8,3,4,2,7,15,3,18
22932,29,29,1,13,26,11,27,10,24,6
10940,1,27,5,20,22,13,10,11,0,17
64091,22,18,29,2,15,24,1,8,19,8
64208,7,0,28,0,15,12,14,23,26,20
64840,3,1,6,0,22,28,12,6,11,28
25913,29,8,6,13,26,13,0,23,26,4
728378,28,4,4,29,22,28,12,12,11,17
25845,28,0,10,24,9,10,28,5,8,8
56342,3,4,26,29,22,27,12,26,0,10
5465,3,10,29,0,6,10,28,5,11,2
5467,10,3,8,3,4,2,7,15,3,18
60490,19,3,8,3,4,2,7,15,16,18
8499,22,0,10,24,19,27,19,13,8,10
8497,19,3,18,3,4,2,7,15,16,18
5480,1,15,14,1,16,9,10,26,20,1
10105,11,21,12,5,1,19,26,25,14,24
9677,0,25,4,4,0,0,10,26,22,19
5493,19,3,8,26,4,2,7,15,16,18
8493,23,15,14,20,1,9,26,11,0,9
22843,19,3,18,3,4,2,7,15,16,18
9647,8,18,28,17,15,24,3,3,15,23
57460,10,3,8,26,16,2,20,2,3,1
4660,29,1,14,27,7,28,0,13,11,28
54776,4,20,7,11,29,14,16,9,21,15
23368,6,24,23,22,3,20,24,8,2,12
10848,19,3,18,3,4,2,7,15,16,18
100507617,1,27,5,26,10,13,9,11,20,17
81706,10,3,8,3,16,9,27,2,20,1
84988,1,27,5,18,22,4,9,28,0,17
170954,19,3,18,3,4,2,7,15,16,18
5502,23,27,19,26,16,9,20,11,3,1
151242,5,0,6,17,6,10,14,5,11,28
9858,19,3,18,3,4,2,7,15,16,18
220004,20,1,12,18,22,13,12,21,0,2
284352,7,18,12,5,17,19,8,25,13,20
5507,9,14,9,11,29,8,16,4,4,25
5509,7,21,10,5,7,19,8,25,14,20
90673,10,15,19,3,16,2,20,2,16,1
89801,8,7,23,22,11,26,24,14,7,14
84687,18,11,13,12,11,1,25,17,25,29
5533,1,4,17,26,10,25,9,0,0,20
57718,14,28,27,23,12,8,2,4,7,14
23082,1,1,12,1,28,19,26,11,14,20
9374,0,25,4,4,0,0,10,26,11,19
80148,1,4,4,1,22,0,10,6,22,17
54896,20,10,10,24,11,10,1,24,17,26
84279,15,9,9,9,21,5,29,4,5,14
56980,11,22,14,20,1,19,26,28,14,9
56981,12,13,24,28,18,16,17,7,27,7
63977,23,27,14,26,16,9,20,28,20,1
63976,19,3,18,3,4,2,7,15,16,18
11107,5,0,10,24,27,12,3,12,26,23
10650,18,1,5,18,25,4,12,21,0,17
57580,11,22,14,20,1,19,26,28,14,9
80243,19,3,18,3,4,2,7,15,16,18
166336,5,0,6,29,19,27,28,16,26,28
5558,23,15,19,1,1,9,26,2,20,1
201973,1,1,28,18,22,28,12,21,0,0
5562,19,3,18,3,4,2,7,15,16,18
5564,18,21,21,20,28,19,8,25,14,24
51422,11,22,12,20,1,19,21,28,1,9
5575,5,0,29,24,27,25,14,13,15,16
5578,10,29,1,26,16,9,27,10,20,6
5579,20,6,2,18,6,4,6,21,28,28
5580,29,15,5,26,16,13,27,10,20,1
112464,22,5,6,27,6,10,3,12,8,16
5581,10,3,8,3,16,9,7,2,3,1
5588,19,3,18,3,4,2,7,15,16,18
5587,11,15,14,20,1,9,26,28,1,9
25865,3,8,29,17,6,7,13,5,19,8
5616,6,2,29,17,9,20,13,3,19,8
5618,10,29,19,26,16,9,27,2,3,18
54496,7,1,17,29,7,25,9,26,9,20
90826,22,8,6,17,6,7,0,23,26,4
10544,10,3,18,3,4,2,7,15,16,18
8842,5,8,6,0,19,10,0,23,11,4
80209,28,5,6,0,19,10,28,16,19,2
254427,28,1,5,27,7,13,9,12,0,17
148137,10,27,19,26,10,9,20,2,20,1
5634,17,23,15,16,24,18,4,29,12,21
55771,0,25,4,4,0,0,10,26,11,19
57479,3,1,10,27,27,10,28,13,6,28
51334,0,25,4,4,0,0,10,26,22,19
80164,19,3,8,3,4,9,20,15,3,1
11272,0,25,4,4,0,0,10,26,22,19
55615,3,10,6,0,27,12,28,12,26,16
79899,7,1,17,27,17,25,9,0,0,0
7916,2,24,16,25,11,26,1,24,17,23
5638,11,21,21,20,1,19,26,11,14,9
79057,1,25,5,29,17,28,10,26,0,17
79056,11,15,14,1,1,9,20,11,3,1
285368,23,4,5,18,22,4,12,21,14,17
8492,1,25,5,4,0,13,20,26,20,17
10279,20,4,26,18,2,4,28,21,28,2
158471,23,15,5,26,1,2,20,2,3,1
5662,2,12,16,19,14,20,18,24,5,12
5664,9,9,9,7,21,22,15,14,4,11
5681,15,24,11,9,8,26,13,14,2,22
5687,5,10,29,2,9,10,13,16,19,8
5700,28,1,6,27,17,13,14,6,8,0
5715,6,0,29,24,6,10,3,8,26,16
84262,19,3,18,3,4,2,7,15,16,18
84722,19,3,18,3,4,2,7,15,16,18
9050,23,15,14,26,16,9,20,2,3,1
26024,7,1,17,14,15,25,19,0,0,20
5727,5,10,11,0,14,10,1,24,15,8
9317,19,3,8,3,16,9,7,15,16,18
5734,23,25,26,29,0,0,12,6,22,17
100885848,19,3,18,3,4,2,7,15,16,18
2185,28,4,6,27,17,28,10,26,11,28
5754,16,13,24,6,18,16,23,18,19,7
11156,1,25,5,27,7,25,9,26,9,17
138639,5,0,10,27,27,3,3,5,19,0
26469,6,12,23,25,14,21,1,5,17,12
25930,24,21,26,10,22,23,11,22,18,28
5774,11,27,12,20,1,19,26,28,14,9
84867,7,11,13,12,25,27,25,16,25,28
5777,29,29,1,13,26,11,0,10,24,6
5791,7,18,17,14,17,10,3,0,6,20
5795,24,21,12,20,17,13,26,25,13,24
5798,27,18,17,29,27,25,19,13,6,0
5802,14,27,3,23,16,9,11,2,3,1
10076,19,3,19,3,16,2,7,15,3,18
138428,19,3,18,3,4,2,7,15,16,18
10744,19,3,8,26,16,9,7,15,20,1
5806,23,15,5,1,22,13,9,26,0,17
80324,27,0,17,27,27,25,19,0,9,10
150962,10,25,19,4,0,9,20,2,22,19
126789,4,20,7,21,29,14,16,9,21,11
5817,10,15,19,26,16,9,20,2,3,1
5827,2,10,16,19,9,24,22,5,17,12
5829,28,0,28,27,27,27,19,13,8,28
5831,10,27,8,26,16,9,20,2,3,1
65263,6,7,23,2,12,26,13,14,15,22
5834,0,25,5,4,22,28,10,26,20,17
5836,3,5,17,10,27,23,3,22,26,10
90780,0,15,5,29,10,25,9,26,0,17
79912,0,15,19,4,0,0,20,2,20,19
84795,10,29,1,13,26,11,27,10,24,6
5768,19,3,18,3,4,2,7,15,16,18
169714,19,3,19,26,4,2,7,15,16,18
81890,19,27,19,3,4,2,7,15,20,18
9727,19,3,18,3,4,2,7,15,16,18
26056,1,4,10,29,19,27,12,23,26,4
201475,22,24,16,2,27,20,22,22,19,26
376267,10,15,8,26,1,2,20,2,3,1
53917,23,15,5,1,22,9,9,0,9,17
5873,3,5,17,14,27,23,22,12,26,23
5874,10,29,8,26,16,11,27,10,20,6
11031,16,17,20,6,23,29,23,18,18,21
10981,3,4,26,27,22,28,10,13,11,17
83452,0,4,4,1,0,0,12,26,22,19
9609,10,29,8,13,16,11,27,2,3,6
23682,10,27,5,26,16,13,20,11,3,1
54734,27,18,17,29,7,25,9,11,6,20
57799,2,10,29,24,9,21,22,3,19,8
115273,1,4,12,18,22,4,10,6,9,17
51560,8,11,13,18,25,4,21,21,11,29
51209,15,28,23,22,12,26,29,14,2,22
79874,21,12,23,19,21,24,18,14,23,3
27342,23,22,14,1,1,19,26,28,1,17
5875,9,26,9,9,8,22,16,4,4,15
5877,5,10,10,24,27,3,1,13,8,8
11159,27,27,5,18,10,4,12,21,0,0
11158,19,3,18,3,4,2,7,15,16,18
285282,1,1,28,29,22,13,12,26,0,0
5881,28,5,28,0,6,27,3,16,6,28
5888,27,0,26,27,19,25,28,13,9,28
5890,6,24,29,0,6,20,29,24,17,8
5892,23,15,14,1,1,9,20,11,3,1
5893,10,29,1,13,26,11,27,10,24,6
25788,29,8,1,0,26,11,0,23,24,4
8438,23,27,5,26,1,13,10,11,20,17
5883,1,0,28,4,22,27,12,26,9,28
144715,0,25,6,27,22,0,10,26,11,28
55698,1,4,14,20,10,13,20,6,20,17
10743,19,3,19,3,4,2,7,15,16,18
10742,7,18,10,24,7,27,3,16,8,8
9649,10,15,8,26,16,9,27,2,20,1
10267,3,4,6,17,6,10,14,13,26,4
57610,6,24,11,10,11,10,22,16,26,16
64901,23,15,8,26,22,9,20,2,20,1
5909,18,11,13,12,25,1,14,17,0,29
23108,18,18,26,24,15,25,28,16,25,10
5912,11,22,21,1,1,19,9,28,1,9
11069,19,3,19,3,16,2,7,15,16,18
51195,1,25,14,29,0,0,10,26,22,17
65059,11,27,19,1,1,9,26,28,1,9
5914,22,24,29,0,12,20,3,3,17,8
5915,10,27,5,26,16,9,27,2,3,1
22821,19,3,18,3,4,2,7,15,16,18
51655,1,27,5,1,25,19,21,6,0,9
10125,11,27,19,20,1,9,20,28,3,9
91608,6,24,22,0,9,12,13,24,19,8
11186,19,3,8,3,4,2,7,15,16,18
9770,22,10,10,0,19,10,3,13,8,16
283349,19,3,18,3,4,2,7,15,16,18
8045,0,25,4,4,0,0,10,26,22,19
55225,0,25,26,27,22,13,12,26,11,28
642954,18,11,4,12,25,1,21,17,25,28
79863,1,27,5,20,22,13,10,26,0,17
64080,10,3,8,26,16,2,7,15,16,18
5933,28,0,10,0,27,3,19,12,26,28
54033,0,25,4,4,0,0,10,12,22,19
64783,3,5,16,24,14,20,22,5,17,8
282996,29,8,10,17,19,7,0,23,11,4
23029,11,27,14,20,1,19,26,28,1,20
55544,15,12,23,9,21,5,18,4,5,22
375287,15,12,22,22,21,26,13,19,23,3
129831,19,3,18,3,4,2,7,15,16,18
5939,11,15,21,20,1,19,26,11,1,9
348093,10,15,5,1,10,9,20,2,20,1
10231,26,14,9,7,13,8,16,20,29,15
1102,27,18,28,29,7,25,3,0,6,20
1104,19,3,18,3,4,2,7,15,16,18
81554,14,16,3,23,7,23,11,22,14,27
91433,16,17,20,6,23,29,23,18,18,21
9986,22,10,29,17,27,7,1,24,26,8
10171,11,22,14,1,1,19,26,28,14,9
157506,29,8,1,13,26,11,0,23,24,4
112724,29,29,1,13,26,11,27,10,24,6
5959,21,14,23,22,8,26,24,19,2,14
201299,15,26,22,25,8,5,29,4,23,12
8434,23,15,17,26,22,25,19,0,9,0
9401,7,11,28,12,25,28,21,12,0,10
9400,27,5,21,27,17,3,8,25,13,24
65055,29,8,10,17,26,7,0,23,26,4
80346,23,15,5,1,1,13,20,28,14,1
92840,9,14,9,9,11,8,24,19,7,14
5970,20,6,2,18,19,27,6,16,28,2
768211,23,15,14,26,22,9,20,2,20,1
84957,19,3,18,3,4,2,7,15,16,18
161253,19,3,18,3,4,2,7,15,16,18
5973,6,7,23,10,21,26,13,19,2,22
9185,1,1,26,29,25,27,21,11,0,10
85004,23,8,5,29,22,28,9,23,0,4
57455,11,22,12,5,1,19,26,28,14,9
5983,7,1,26,27,7,25,9,0,9,20
359845,11,27,5,20,1,9,26,28,14,9
91869,20,5,29,2,19,10,6,5,19,2
23180,23,4,5,20,1,28,9,26,1,17
130132,20,6,6,18,19,20,28,22,28,2
5989,10,3,8,3,4,2,7,15,16,18
64864,27,1,14,27,22,28,9,11,0,20
28984,9,9,22,9,8,5,29,14,4,14
56963,28,4,26,24,27,3,14,13,8,28
285704,20,6,2,18,2,6,6,21,28,2
727851,5,0,6,0,27,10,28,13,8,28
5996,4,14,0,11,13,22,16,20,29,15
6001,19,3,18,3,4,2,7,15,16,18
10636,24,22,12,5,17,19,8,25,1,24
26575,23,27,5,27,10,28,9,28,1,0
10287,23,27,19,1,1,9,20,28,1,9
8601,1,4,26,27,17,19,10,11,0,0
26166,6,10,29,24,14,20,1,13,19,23
5998,11,15,5,1,1,19,26,28,1,9
388531,23,27,8,26,16,9,20,2,20,1
84236,8,11,13,12,25,1,25,17,25,29
64285,19,29,19,26,16,9,27,2,3,6
121268,7,4,26,29,7,28,12,6,0,17
83695,23,15,5,26,10,13,20,11,0,17
23221,10,3,8,1,16,9,20,2,3,1
29984,21,7,3,10,9,23,11,22,15,26
54509,1,25,4,27,22,28,12,26,0,28
391,10,29,19,26,16,11,27,10,3,6
399,14,16,3,23,20,15,2,27,10,27
114822,5,0,10,2,6,3,28,12,8,16
158787,21,12,23,22,11,24,24,4,7,14
26150,11,15,14,20,10,19,26,11,1,9
57589,19,3,18,3,4,2,7,15,16,18
284485,11,27,12,20,1,19,26,28,14,9
83547,7,1,26,17,22,28,12,0,11,28
353116,11,22,5,1,1,19,26,28,1,9
196383,0,25,4,4,0,9,12,26,22,19
9783,2,5,10,17,27,12,3,5,15,16
9610,10,27,5,26,16,9,20,2,20,1
54453,10,3,8,3,16,2,7,15,16,1
60561,19,3,18,3,4,2,7,15,16,18
53820,22,2,29,25,12,24,1,3,17,8
84934,18,11,13,12,25,27,25,17,25,29
151393,23,1,5,27,17,25,9,26,9,17
284203,0,25,4,4,22,0,10,26,22,19
440400,5,1,6,0,15,27,14,8,6,28
6041,27,5,28,14,15,12,22,8,25,10
27289,11,27,5,1,1,9,20,2,14,1
7844,19,3,8,3,4,2,7,15,16,18
55298,23,15,19,13,16,11,27,10,24,6
63891,11,22,21,20,28,28,8,28,14,10
54941,7,0,28,17,6,10,28,13,26,23
84282,18,11,13,12,25,27,21,17,25,29
9781,19,27,19,26,16,9,20,2,20,1
220441,10,15,19,26,16,9,27,2,20,6
115992,5,5,10,0,7,3,14,13,26,16
285671,11,27,5,20,1,9,26,28,3,9
221687,7,18,17,14,17,25,19,0,6,20
91445,0,25,4,4,0,0,12,26,22,19
285498,29,29,1,13,22,11,0,10,20,4
154214,10,15,19,26,16,9,20,2,3,1
64320,10,15,5,26,22,9,20,2,3,9
6047,23,15,19,1,16,13,10,26,20,1
51136,10,15,14,1,16,9,20,2,20,1
55328,24,22,12,5,17,19,26,25,8,24
57140,10,3,8,3,16,2,27,15,20,6
64221,27,2,10,17,9,12,13,16,19,23
4919,22,5,10,27,27,20,28,5,8,10
4920,7,15,26,27,22,13,9,11,0,17
6096,23,1,26,29,22,25,9,26,0,17
6102,10,3,8,3,4,2,7,2,3,18
441212,10,29,5,26,16,9,27,2,3,1
26015,7,0,28,24,19,10,19,12,15,28
9501,10,3,8,26,16,9,7,2,20,1
79897,10,3,8,26,16,9,20,2,3,1
54913,0,25,4,4,22,27,10,13,22,0
10799,23,27,5,26,16,9,20,2,20,1
388394,6,10,29,2,9,7,13,24,15,16
57521,20,6,2,8,2,6,6,1,28,2
113000,23,15,5,26,16,9,20,2,20,1
27079,7,4,17,14,15,25,9,0,20,20
84881,11,15,21,1,22,13,26,28,1,9
6236,20,6,2,18,2,6,6,21,28,2
64121,23,27,5,1,22,28,9,26,0,17
6237,1,15,5,1,22,13,10,26,20,1
6239,19,3,18,3,4,2,7,15,16,18
6241,11,22,21,5,1,19,26,28,14,24
51093,11,22,21,1,28,19,8,28,14,0
23223,3,2,29,10,9,3,6,22,28,26
9136,21,12,22,9,8,5,29,4,17,22
23212,0,25,4,4,0,0,10,26,22,19
55316,2,24,22,25,12,21,1,14,2,14
221421,22,2,11,14,9,24,3,8,19,23
6242,8,7,13,12,25,1,25,16,25,26
219790,10,27,19,26,16,2,20,2,3,1
6253,18,21,17,29,7,23,11,0,6,26
84816,10,29,8,26,16,9,27,10,3,6
65078,29,8,1,29,26,0,0,23,24,17
146760,24,22,21,5,28,19,8,22,13,24
25914,22,5,10,24,6,12,19,8,26,16
9711,2,24,22,25,12,20,29,19,2,12
154661,22,10,10,2,19,3,1,5,8,16
9853,23,25,14,26,16,9,20,2,20,1
10069,6,24,22,2,14,7,1,3,19,8
25950,11,1,12,1,10,19,26,11,1,9
6257,10,15,5,1,10,9,20,26,20,1
6258,19,3,8,3,16,2,7,2,16,18
6261,29,29,1,13,26,11,27,10,24,6
6263,5,1,6,18,22,10,14,21,0,2
6282,2,24,22,19,8,21,18,14,5,3
140576,10,29,8,26,16,11,27,10,20,6
9294,6,7,13,10,11,26,25,5,17,26
1903,11,15,5,1,1,9,26,28,1,9
29901,11,27,14,20,1,19,20,28,1,9
6299,0,8,26,29,0,13,10,23,11,0
90378,28,0,6,24,19,27,14,13,11,28
148398,25,9,22,8,8,26,29,1,23,14
148418,10,15,8,1,16,9,20,2,3,1
23034,19,3,8,3,4,2,7,15,16,18
25939,10,3,19,26,16,9,20,2,3,1
79685,3,10,16,10,7,23,3,3,28,28
89958,11,22,21,5,28,19,8,6,14,24
23098,10,29,1,13,16,9,27,10,20,6
84324,29,8,1,27,22,28,0,23,11,4
23314,7,1,28,29,17,28,12,6,6,0
55776,25,9,23,9,8,5,29,4,7,12
22904,0,1,28,29,22,0,12,26,0,0
58506,19,3,18,3,4,2,7,15,16,18
113178,11,27,5,1,1,9,26,11,1,9
192683,10,3,8,3,16,2,7,15,3,18
51435,27,18,28,27,22,25,3,0,9,20
949,29,29,1,13,26,11,27,10,24,6
619383,7,15,14,1,22,13,9,28,0,17
152579,28,5,28,0,27,27,3,16,8,2
22955,29,8,5,13,22,0,0,26,11,17
6328,22,4,10,17,22,10,14,6,26,0
6330,19,3,8,26,4,2,7,15,3,1
6331,5,2,10,0,19,10,14,13,8,8
6334,0,25,4,1,0,0,20,2,20,19
9997,20,6,2,18,19,6,6,1,28,16
11341,1,22,21,20,1,28,8,26,14,9
23513,24,2,10,0,9,23,8,22,13,26
57147,29,1,6,29,22,13,0,23,11,4
6382,23,27,14,26,16,9,20,2,3,1
9672,10,29,19,13,10,9,20,10,20,1
27111,19,3,8,3,4,2,7,15,16,18
10807,19,3,18,3,4,2,7,15,16,18
644096,1,0,26,29,17,27,14,11,9,28
255812,29,29,1,13,26,11,27,10,24,6
221935,24,21,21,5,28,23,8,17,13,24
23541,6,10,16,2,9,21,1,16,19,23
26984,10,29,19,26,16,9,27,10,3,6
9632,19,3,18,3,4,2,7,15,16,18
25956,3,1,14,27,22,13,19,12,9,28
81929,6,10,29,19,14,7,1,24,17,22
23231,23,15,5,13,22,11,20,2,24,1
83642,3,5,28,10,6,23,3,22,26,26
7869,6,0,28,2,14,20,13,13,15,23
10509,21,7,16,22,9,26,24,19,2,12
10505,23,27,14,26,16,9,20,2,20,1
54437,3,10,10,10,27,12,22,24,26,28
26168,1,15,5,18,10,4,12,21,0,17
123228,11,22,12,20,1,19,21,6,1,9
1731,19,3,18,3,4,9,7,2,16,1
5414,1,1,5,1,22,13,9,26,0,9
23176,1,15,12,29,7,13,9,28,1,0
84947,7,1,19,27,10,25,19,11,9,17
26297,11,27,14,1,1,19,26,28,1,9
387923,18,11,13,12,25,1,21,17,25,29
1992,19,3,18,3,4,2,7,15,16,18
5271,7,18,26,17,27,10,3,13,8,10
5274,22,2,10,0,27,20,3,24,15,2
29950,29,8,10,17,26,7,0,23,11,4
83667,23,15,19,1,16,9,20,2,20,1
9739,10,29,19,26,16,9,27,10,20,1
23067,8,2,16,24,6,20,25,16,2,8
79918,19,3,18,3,4,2,7,15,16,18
133383,20,6,2,18,17,4,6,21,28,2
646817,27,1,17,5,17,25,19,0,6,20
51460,29,8,1,13,26,11,0,23,24,4
57713,24,21,28,29,7,3,8,6,1,10
6423,26,19,25,16,29,17,16,29,12,5
118980,29,8,1,13,26,11,0,11,24,6
94097,2,5,6,17,6,12,3,5,26,8
6445,0,0,26,24,17,27,3,13,9,10
6446,16,17,20,6,23,29,23,18,18,21
157285,15,26,9,22,8,5,15,14,5,3
23678,19,3,8,26,16,9,20,2,20,1
124923,8,11,13,12,25,1,25,17,25,29
259230,7,0,28,27,22,13,14,6,9,28
166929,0,4,4,4,22,13,10,26,22,17
151648,11,1,14,1,28,9,9,28,9,9
81537,19,3,8,3,16,9,7,2,16,1
6448,19,3,18,3,4,2,7,15,16,18
10603,1,27,26,1,1,13,10,26,20,17
10044,10,27,8,1,16,2,20,2,3,1
63898,10,15,5,26,16,9,20,2,3,1
6450,18,11,13,12,25,1,21,17,25,29
23616,10,27,14,26,1,9,20,2,20,1
6452,23,27,19,1,1,9,20,6,3,9
9467,10,27,14,26,16,9,27,2,20,1
80851,27,27,14,20,1,25,26,28,1,9
152503,1,27,5,26,22,25,9,0,20,1
79729,5,8,10,0,6,7,3,23,26,4
6455,5,5,10,2,6,3,14,16,26,28
6457,29,1,5,4,22,28,0,12,0,17
56904,29,15,8,13,26,11,27,10,24,6
153769,10,27,8,26,4,2,20,2,20,1
26751,21,6,2,8,2,6,6,1,28,2
81858,28,1,26,27,22,28,10,6,6,28
6462,15,9,9,22,12,5,29,14,2,14
399694,15,14,22,22,21,8,24,19,7,14
79801,5,10,10,0,19,12,8,12,6,16
56961,23,27,14,1,16,9,20,2,20,1
90525,11,4,26,5,17,19,26,25,1,0
387914,19,3,18,3,4,2,7,15,16,18
149345,5,5,10,24,19,10,14,21,26,28
729993,19,3,18,3,4,2,7,15,16,18
23729,11,22,21,20,28,19,8,25,1,24
357,0,25,19,4,0,0,10,6,22,19
57477,24,21,12,5,28,19,26,25,1,9
54414,8,11,13,10,14,20,1,16,26,26
51092,6,24,29,19,9,21,13,5,19,12
59307,10,27,8,26,10,9,20,2,3,1
23309,19,3,18,3,4,2,7,15,16,18
6494,24,21,21,5,28,23,8,25,13,24
23094,12,13,24,28,18,16,17,7,27,7
23410,1,27,19,13,22,28,10,26,22,17
23409,24,22,21,5,28,19,8,25,13,24
51547,24,22,12,5,1,28,21,11,14,24
6496,9,26,0,11,13,22,15,9,4,14
51804,27,6,5,18,22,4,12,21,0,17
147912,7,0,17,29,7,25,19,6,6,10
220134,1,4,5,27,17,28,9,12,9,17
221150,28,0,10,24,6,10,28,12,9,28
6497,0,5,10,4,0,27,28,16,11,19
122060,10,15,19,26,16,9,20,2,20,1
8273,11,27,19,26,1,9,9,28,14,9
84068,22,1,28,27,27,25,28,13,6,20
6560,5,10,26,0,19,27,14,17,26,10
57468,7,1,26,29,10,25,9,26,9,28
10723,20,6,2,18,2,6,6,21,28,2
84561,23,27,5,13,16,9,27,11,3,1
56996,23,4,28,29,22,28,10,26,9,17
64849,9,9,9,22,8,22,29,20,5,14
26266,12,13,24,28,18,16,17,7,27,7
6565,11,15,12,20,10,19,26,28,14,9
121260,23,21,12,20,28,4,26,21,1,9
117247,28,0,28,27,6,27,14,12,11,28
9122,10,3,8,3,16,2,7,15,16,18
9121,29,8,6,29,22,11,0,23,20,4
9120,27,18,28,29,15,25,19,0,6,10
9194,11,22,21,20,28,19,26,25,14,24
23539,0,25,4,4,0,0,10,26,22,19
6573,5,24,29,0,14,7,0,3,15,16
6505,18,11,13,12,25,1,25,17,25,29
6507,1,0,26,27,7,25,14,0,0,20
6509,1,1,13,12,25,1,21,17,0,29
6510,2,2,16,23,3,21,24,19,7,23
6511,26,14,9,22,8,22,24,20,7,14
6575,16,17,5,20,22,29,10,26,0,17
6584,2,2,11,19,12,7,13,24,15,8
9962,29,29,1,13,26,11,27,10,24,6
283652,10,27,14,26,10,13,20,11,3,1
1468,11,15,5,1,1,9,10,11,1,17
10166,7,1,26,29,22,27,12,6,9,0
60386,21,12,22,2,12,5,13,3,2,12
788,19,3,8,3,4,2,7,15,16,18
89874,23,15,19,13,10,13,20,26,1,9
79751,17,23,15,16,24,18,4,29,12,5
79085,19,3,8,3,4,2,7,15,3,18
114789,3,0,26,24,19,27,28,12,9,28
81894,29,27,5,1,22,9,20,26,0,1
253512,7,1,26,27,7,13,9,26,9,17
84275,0,17,20,6,23,29,10,18,0,0
399512,7,4,17,14,17,13,9,0,9,20
55972,28,18,6,10,27,3,28,6,6,28
284439,2,7,10,2,9,3,3,24,15,8
203427,10,3,18,3,16,2,7,2,16,18
9673,10,3,8,26,16,9,20,2,20,1
92014,23,27,19,20,17,13,9,11,24,9
401612,11,21,21,20,17,19,26,11,1,9
65012,29,8,29,2,6,10,0,23,26,4
1836,10,15,5,13,16,9,20,10,3,1
65010,1,4,5,27,22,28,10,26,9,17
376497,11,22,14,20,22,19,12,28,9,9
11001,1,15,5,1,10,13,10,26,20,17
11000,15,28,9,9,8,5,29,14,23,3
10998,20,6,2,8,2,6,6,1,28,12
28965,10,27,8,26,10,11,20,10,3,1
64078,25,24,22,22,21,26,29,4,15,3
3177,29,29,1,13,26,9,0,10,24,6
55315,1,11,14,1,25,1,21,6,0,17
222962,24,22,21,5,28,19,8,25,14,24
154091,10,29,1,13,26,11,27,10,24,6
11182,18,11,13,12,25,1,21,17,25,29
29988,20,6,2,18,25,4,6,21,0,2
7779,1,4,5,1,10,9,20,2,20,17
64924,10,15,5,26,16,9,20,11,3,1
55676,3,4,28,29,27,10,14,13,11,28
169026,1,8,6,1,22,28,10,26,20,4
1318,2,24,10,24,14,20,13,24,17,12
10559,10,3,8,26,16,2,20,2,20,1
7355,24,22,6,5,19,19,8,25,9,10
55343,24,22,12,0,28,23,8,22,13,23
339665,27,21,21,5,10,19,8,11,13,24
222553,1,25,28,12,25,28,12,12,0,17
54733,10,27,5,26,16,9,20,11,3,1
148641,0,25,4,29,0,28,10,26,22,19
54978,11,27,12,20,10,19,26,28,1,9
80723,10,27,5,1,16,9,20,2,20,1
206358,29,8,6,0,26,7,0,23,26,4
124565,27,21,6,2,2,12,28,13,8,2
145389,10,3,18,3,16,2,7,2,3,1
153129,19,3,18,3,4,2,7,15,16,18
201266,1,27,5,1,1,4,12,11,9,0
91252,1,4,26,29,17,25,14,16,0,17
23516,11,22,14,20,22,19,26,6,14,20
6519,7,4,17,20,17,28,9,0,6,20
30061,11,22,21,20,1,19,26,28,1,9
84102,11,27,14,20,1,19,26,28,14,9
29015,23,4,14,26,10,9,20,26,9,17
204962,11,27,12,20,1,19,26,28,1,9
57210,22,10,29,2,9,7,13,16,19,8
55652,10,27,8,26,16,9,20,2,3,1
6508,23,15,19,1,22,13,9,6,20,17
8671,2,12,16,19,12,21,22,8,19,16
9498,29,29,1,13,26,11,27,10,24,6
55974,24,22,21,5,28,19,8,25,13,24
159963,18,11,13,12,25,1,21,17,25,29
55117,10,3,8,3,16,9,20,2,20,1
6533,5,18,10,24,27,27,3,12,8,0
6541,24,1,12,27,17,3,9,13,0,0
84889,23,1,5,1,17,28,9,11,14,9
8140,10,27,19,26,16,9,20,2,20,1
9057,10,29,8,3,16,11,27,10,20,6
23428,5,0,16,27,27,12,3,16,26,16
80024,5,10,11,2,6,7,3,16,15,10
6548,1,4,5,18,17,4,9,21,0,17
9351,0,25,14,4,16,9,10,26,20,1
10479,27,2,10,14,6,10,3,3,26,8
84679,1,1,26,29,22,28,9,26,9,17
23315,27,18,17,14,15,25,3,8,6,20
133308,5,5,6,24,6,10,19,16,26,28
353189,0,1,26,29,10,27,14,26,11,17
133482,18,1,26,12,25,1,21,17,6,17
55106,19,3,18,3,4,2,7,15,16,18
146857,8,11,10,10,19,20,25,22,8,8
6586,10,29,19,13,16,11,27,10,3,6
114798,19,3,18,3,4,2,7,15,16,18
139065,18,11,13,12,7,23,21,17,0,20
84464,19,3,18,3,4,2,7,15,16,18
4091,10,3,19,26,16,9,20,2,20,1
4092,23,15,14,1,16,9,20,2,20,1
57228,11,22,12,20,1,19,26,28,14,9
6595,19,3,18,3,4,2,7,15,16,18
50485,24,4,21,20,10,19,26,11,14,9
6603,11,15,21,20,22,28,9,11,1,9
6604,1,1,5,29,22,28,9,6,9,17
140775,0,25,19,26,16,9,20,11,3,1
23381,2,2,10,24,9,21,13,24,15,8
55181,0,25,4,4,0,0,10,26,22,19
56006,9,14,23,25,21,22,24,19,2,14
388588,10,29,8,26,16,9,27,2,3,6
644596,7,1,28,29,27,27,19,12,9,20
221710,23,4,26,29,17,28,9,12,1,20
85027,29,29,1,13,26,11,0,10,24,6
643008,1,4,14,29,22,0,10,6,22,17
6606,29,8,10,10,6,23,0,22,26,4
6607,1,25,12,1,0,0,12,6,14,19
6608,2,12,23,25,12,21,1,14,17,12
64093,10,3,8,26,16,9,20,2,3,1
54498,24,21,12,5,28,19,8,25,13,24
55627,1,15,14,20,22,25,9,28,3,17
6525,3,5,17,24,6,3,14,13,6,10
342527,23,1,12,20,1,25,9,6,0,9
57154,0,25,14,4,0,9,20,2,20,19
10322,19,3,18,3,4,2,7,15,16,18
8773,6,24,23,25,14,26,22,24,17,22
9892,19,3,18,3,4,2,7,15,16,18
6618,29,29,1,13,26,11,0,10,24,6
6621,27,15,14,1,22,13,9,26,0,17
9627,1,15,5,29,10,19,10,6,0,9
100507303,24,22,12,5,28,19,8,25,1,24
54861,10,15,19,26,16,9,20,6,3,1
119358,2,5,11,19,3,7,22,8,15,23
414153,24,22,21,5,10,19,8,25,13,24
100130932,7,4,5,27,17,25,19,0,1,20
6640,1,18,17,13,7,28,9,22,6,0
6645,10,27,8,1,10,9,20,2,20,1
10073,16,17,20,6,23,29,23,18,18,21
29916,1,1,26,1,17,28,26,6,9,9
64089,1,4,26,29,10,19,26,6,0,20
112574,23,27,5,1,16,9,20,11,3,1
90203,24,21,12,20,28,19,8,25,13,24
83891,1,15,5,26,10,25,9,26,0,17
92017,3,11,28,29,25,10,28,16,8,29
254122,8,7,16,10,25,26,25,22,7,12
257364,27,18,28,29,27,25,3,16,9,10
29886,19,3,18,3,4,2,7,15,16,18
6646,11,22,12,20,1,19,26,28,14,9
8651,23,4,5,18,22,4,10,21,0,28
8835,10,27,19,26,1,9,20,2,3,1
9021,25,9,9,11,21,5,18,4,23,3
9655,8,11,13,10,11,20,25,17,25,23
140710,1,1,5,27,7,28,8,0,9,10
10580,28,0,28,27,7,27,19,13,8,28
10174,27,0,26,27,7,10,19,12,9,10
57537,27,27,14,1,1,19,26,11,14,9
6652,19,3,18,3,4,2,7,15,16,18
65124,19,3,8,3,16,2,7,15,20,18
9580,5,10,29,0,6,7,28,3,26,16
6658,24,21,10,18,19,4,8,12,26,2
30812,0,25,4,27,0,0,12,26,9,17
3431,20,6,2,8,2,4,6,21,28,2
93349,3,10,11,14,9,7,22,8,15,23
6668,3,6,2,2,2,10,14,16,28,16
147650,11,22,12,5,1,19,26,11,1,9
11092,18,1,10,29,19,10,14,16,8,28
200162,1,25,14,1,16,0,20,26,22,1
10615,10,27,5,1,1,9,20,11,20,1
100505741,29,29,5,26,16,9,20,2,3,1
9825,23,15,19,26,16,9,27,2,3,1
202051,0,25,4,4,0,0,10,26,22,19
79029,22,10,11,14,15,12,3,3,17,8
147841,23,25,26,4,0,0,12,6,22,17
57405,23,1,14,29,22,13,10,6,0,17
23384,4,20,0,7,5,22,15,9,21,25
10290,9,28,9,9,8,5,15,14,5,14
56848,18,11,13,12,25,1,21,17,25,10
169981,7,1,28,27,19,25,28,0,6,10
84501,23,27,5,26,16,9,20,10,20,1
6697,21,24,16,19,3,21,22,8,19,12
200734,11,27,5,26,1,9,20,28,1,9
84926,23,15,14,26,1,9,20,11,1,9
283377,1,21,26,29,7,25,19,11,9,20
80176,16,17,20,6,23,29,23,18,18,21
84727,19,3,18,3,4,2,7,15,16,18
6712,7,1,14,29,10,9,9,6,14,17
10558,5,2,10,0,6,7,1,24,26,8
6714,11,22,21,5,1,19,26,25,1,9
80725,22,2,11,2,14,21,22,24,17,12
6715,10,29,8,13,16,2,27,10,3,6
79644,23,4,5,26,22,13,9,11,0,17
6720,10,15,5,26,22,9,20,2,3,1
6721,27,4,28,29,7,27,12,12,0,28
647135,11,4,12,20,1,19,26,28,1,9
136853,0,4,26,1,10,27,10,6,0,17
8082,22,1,26,27,6,27,19,12,6,10
6752,19,3,18,3,4,2,7,15,16,18
145165,19,3,18,3,4,2,7,15,3,18
400410,23,15,14,26,22,9,20,11,20,1
6487,29,8,1,13,26,11,0,10,24,6
6484,19,3,18,3,4,2,7,15,16,18
8869,11,27,14,20,10,13,26,28,1,9
10402,17,17,20,6,23,18,4,18,8,21
6480,19,3,8,3,4,2,7,15,16,18
27090,0,25,4,4,0,0,12,26,22,19
30815,14,16,3,23,20,15,2,27,10,27
6489,28,10,10,24,9,12,1,5,8,16
51046,7,4,28,27,27,27,9,12,6,0
7903,29,8,1,29,26,11,0,23,11,4
10734,10,3,8,3,16,2,7,15,16,18
442578,11,21,12,20,1,19,21,25,1,9
57559,19,3,18,3,4,2,7,15,16,18
55620,20,6,2,18,19,10,6,21,28,2
90627,1,1,5,4,22,13,12,6,22,17
57519,27,27,5,29,15,9,20,0,20,17
26872,19,3,18,3,4,2,7,15,16,18
261729,19,3,18,3,4,2,7,15,16,18
6491,29,8,1,13,10,11,0,10,24,6
6793,19,3,18,3,4,2,7,15,16,18
6794,11,22,21,1,1,19,26,28,1,9
114790,23,3,8,1,16,2,20,2,20,1
9262,11,22,21,20,1,19,26,28,14,9
8859,11,15,12,5,1,19,26,28,14,9
202374,5,10,28,24,27,27,3,5,8,0
282974,10,27,14,26,22,9,20,2,3,1
140901,11,4,21,20,1,19,8,28,1,24
27148,1,27,28,1,7,28,9,6,0,17
83931,29,8,10,17,19,11,0,23,26,4
169436,1,1,21,20,7,13,28,13,6,10
2040,29,29,1,13,26,11,27,11,24,6
9399,5,2,10,2,9,7,22,5,19,8
64220,19,3,18,3,4,2,7,15,16,18
55437,7,5,17,0,17,25,19,13,6,10
85369,8,11,6,18,25,1,21,21,25,29
57464,27,21,28,29,27,25,28,16,9,20
29888,10,29,8,26,16,9,27,2,3,6
412,1,25,26,29,22,28,10,6,0,17
6804,1,4,12,20,10,4,10,6,1,28
6813,11,27,14,1,1,2,26,2,1,9
134957,19,3,18,3,4,2,7,15,16,18
9515,29,8,1,1,26,11,27,10,24,6
29091,1,1,5,1,22,13,26,6,9,9
51684,26,28,9,7,8,22,15,20,29,3
79783,23,3,19,1,16,9,20,6,3,1
6817,19,3,18,3,4,2,7,15,16,18
6819,7,27,5,13,22,28,9,2,20,1
25830,19,3,18,3,4,2,7,15,16,18
285362,18,11,13,10,11,1,25,17,25,29
387082,19,3,18,3,4,2,7,15,16,18
25777,18,11,13,12,25,1,21,16,25,29
6821,0,25,4,4,0,0,20,2,22,19
64420,1,8,6,1,22,19,12,26,9,9
26032,27,21,21,29,22,25,26,28,14,10
9766,29,8,1,13,26,11,0,23,24,4
6839,12,13,24,28,18,16,17,7,27,7
440423,5,1,6,29,6,27,14,23,26,20
22987,29,29,1,13,26,9,20,11,24,1
375757,3,0,10,0,6,10,1,13,8,10
126074,29,29,1,13,26,11,27,10,24,6
55638,27,1,28,24,17,25,9,6,6,0
100130958,11,15,14,1,22,4,26,28,0,17
256126,11,27,5,20,1,9,26,28,1,9
221711,11,22,12,20,1,19,26,28,1,9
85360,19,3,18,3,4,2,7,15,16,18
8831,9,26,9,9,21,5,15,4,5,14
9145,29,15,5,13,22,28,9,10,24,17
9143,11,27,14,1,1,19,26,28,14,9
8867,22,18,17,14,15,12,3,0,26,10
23336,0,25,4,4,0,0,10,26,22,19
341359,24,6,2,18,2,4,6,21,28,28
127833,8,11,13,19,11,1,25,17,25,12
6861,11,22,21,5,1,19,8,25,13,24
84958,0,27,14,1,10,9,10,26,20,17
54843,19,3,18,3,4,2,7,15,16,18
94121,7,21,17,10,27,23,19,22,6,26
84447,21,12,11,10,11,20,24,19,2,22
23334,10,29,8,26,16,11,27,10,3,6
10454,19,3,8,26,4,9,20,2,3,1
257397,10,29,19,26,16,9,27,10,20,1
6866,19,3,8,26,16,9,7,2,3,1
10460,22,5,6,14,27,27,19,0,11,23
117143,10,29,8,1,16,2,27,2,3,1
93624,24,22,21,5,28,28,8,25,13,24
9015,23,15,5,20,1,19,26,28,14,9
9013,10,29,8,26,16,2,27,2,3,1
138474,11,15,5,20,1,19,26,11,14,9
6874,29,29,1,13,26,11,27,10,24,6
6875,19,3,18,3,4,2,7,15,16,18
6877,24,22,6,5,7,19,8,25,13,0
27097,1,1,26,20,7,28,10,11,0,17
10629,0,4,28,29,22,0,12,23,11,0
129685,23,27,14,26,16,9,20,11,20,1
51616,14,21,3,23,17,23,11,28,14,17
6887,0,1,28,27,22,28,10,26,0,17
132001,11,22,12,20,1,19,26,28,1,9
85461,14,16,3,23,19,23,11,26,26,27
128989,28,4,4,27,22,28,12,26,0,17
79613,6,5,16,2,6,7,1,3,17,8
9344,21,6,2,8,2,6,6,1,28,12
6892,23,27,8,26,16,9,27,2,3,1
202018,11,21,12,1,28,19,26,6,14,9
50840,7,8,10,17,19,7,28,23,26,4
55617,10,27,8,1,16,9,20,2,3,1
9797,22,24,29,2,14,12,13,3,19,16
6901,9,28,9,7,8,22,15,4,4,15
83874,19,3,18,3,4,2,7,15,3,18
26000,29,8,6,0,22,7,0,23,11,4
54662,11,22,12,20,1,19,26,6,14,9
79735,2,12,22,19,3,5,18,14,2,3
55633,0,25,26,27,0,28,12,6,22,0
57465,19,3,8,3,4,2,7,15,16,18
4943,19,3,8,3,16,2,7,2,3,18
23102,10,29,1,13,16,11,27,10,24,6
23329,5,0,10,0,6,12,14,23,26,10
93594,1,1,5,26,22,13,9,26,0,17
9882,15,9,9,22,8,8,15,4,4,3
11138,28,0,4,27,7,28,10,12,8,0
54885,9,26,9,11,8,22,16,4,4,25
23158,1,1,6,29,22,27,28,6,26,0
55171,27,1,19,14,17,28,9,0,6,20
219899,11,22,12,1,1,13,26,28,14,9
9755,1,8,6,0,22,27,0,23,9,4
90665,19,3,18,3,4,2,7,15,16,18
10607,10,3,8,3,16,2,27,10,20,6
9238,6,2,29,2,6,12,3,24,15,8
9096,10,29,8,26,16,9,27,2,3,1
6926,10,29,19,26,16,2,27,15,20,6
6920,3,0,10,2,19,12,28,13,8,28
170082,15,12,22,25,3,24,29,4,23,22
6941,11,22,12,1,28,19,8,25,13,9
6932,28,5,6,17,27,3,3,12,11,10
10732,0,25,4,29,0,0,10,26,22,19
10312,1,4,6,29,19,13,0,23,11,4
6948,3,25,26,27,22,28,10,13,22,17
140290,11,27,14,1,1,19,12,28,14,17
55346,8,7,16,10,11,23,22,22,13,26
255394,19,3,18,3,4,2,7,15,16,18
79867,11,27,12,20,22,9,26,28,22,9
55775,20,6,2,8,2,6,6,21,28,2
23424,6,10,16,10,9,7,1,3,8,23
11022,19,3,18,3,4,2,7,15,16,18
9895,19,3,18,3,4,2,7,15,16,18
9524,0,25,14,1,1,0,10,26,0,17
7008,22,18,6,0,7,27,19,12,9,0
79736,19,3,8,3,4,2,7,15,16,18
27285,2,24,29,2,14,24,22,5,17,12
9894,26,20,0,11,13,14,16,9,21,25
7011,5,10,29,0,19,27,28,16,8,16
146705,9,26,9,7,29,22,15,4,23,14
26136,6,0,29,0,6,12,14,12,11,8
54997,10,3,8,3,16,9,7,15,3,18
7016,5,8,6,29,22,10,0,23,26,4
10420,1,4,5,27,22,13,10,26,11,20
9633,20,6,2,18,6,3,6,21,28,2
55852,10,3,8,26,16,2,7,2,3,18
7023,5,5,29,2,19,12,14,5,19,16
64216,0,25,4,4,0,0,26,11,22,19
29842,11,4,14,1,10,19,26,11,1,9
7030,19,3,18,3,4,2,7,15,16,18
7037,27,4,17,14,17,25,11,0,6,0
7040,7,18,28,27,15,25,14,0,6,20
7041,8,11,13,10,11,1,25,22,25,29
7043,10,3,18,26,4,2,7,15,16,18
7048,28,18,26,27,17,13,19,12,9,0
9392,16,17,20,29,23,29,0,18,18,17
55145,28,21,28,18,7,4,12,13,6,28
56906,13,16,27,15,20,15,2,27,10,27
57215,27,7,16,17,14,23,22,8,15,10
90326,24,4,12,27,7,13,9,13,9,0
199745,7,18,17,27,7,25,9,0,6,10
9473,0,25,4,4,0,27,12,11,11,0
79896,8,11,13,12,25,1,25,17,25,29
55258,17,23,15,16,24,18,4,29,12,5
84321,21,9,22,9,3,5,18,14,23,3
7064,11,4,12,1,1,19,26,28,1,9
7068,7,27,5,29,10,25,9,26,0,17
102659353,3,5,29,27,9,23,28,22,8,26
7070,18,11,13,12,25,1,21,17,25,29
7074,1,27,12,1,10,13,26,11,9,10
90381,10,3,8,26,16,9,27,2,3,18
92610,10,27,8,26,16,9,20,2,3,1
57103,0,15,4,13,0,28,10,23,22,4
201798,2,24,29,2,9,26,29,3,19,22
81789,20,21,6,18,19,4,28,21,26,28
91151,19,29,8,3,16,2,7,15,16,18
26519,19,3,18,26,4,2,7,15,16,18
29928,18,11,13,12,25,1,12,17,0,0
100652748,1,15,5,26,22,28,9,26,9,0
90580,19,3,18,3,4,2,7,15,16,18
1678,7,18,26,27,7,27,3,0,6,20
7078,1,1,26,29,7,10,12,23,26,10
114609,1,27,5,1,22,9,20,2,0,17
93643,6,1,10,0,19,27,22,13,8,28
9414,28,0,6,27,6,10,14,13,11,10
7083,25,9,23,25,12,5,29,14,5,22
116238,23,1,19,1,10,28,9,11,9,0
727910,2,10,29,2,6,21,22,24,15,23
7089,10,29,8,26,16,9,27,2,20,1
79816,19,3,18,3,4,2,7,15,16,18
83660,22,24,16,2,15,24,13,8,15,16
53346,10,3,8,3,4,2,7,15,16,18
53345,26,26,0,7,29,22,15,20,29,25
10548,11,22,21,18,28,4,21,25,1,24
64114,11,27,19,20,1,9,20,28,1,1
79838,22,5,28,10,27,12,3,16,8,10
79905,2,7,11,17,27,12,11,24,19,8
57458,19,3,8,3,16,9,7,2,20,18
255104,0,25,4,4,0,0,10,6,22,19
55374,26,28,9,7,13,8,16,20,7,14
8577,11,22,12,1,1,19,26,28,14,9
23671,7,18,28,14,6,7,28,12,26,4
55273,24,21,16,10,14,23,11,24,17,26
54868,1,15,14,20,10,13,9,28,0,0
113277,29,29,1,13,26,11,27,10,24,6
66000,19,3,18,3,4,2,7,15,16,18
79073,28,18,17,14,15,27,19,23,26,8
11070,29,27,6,1,22,9,14,11,0,4
83862,19,3,18,3,4,2,7,15,16,18
144404,10,29,19,26,16,9,27,2,3,1
80757,20,10,16,2,2,6,1,24,17,2
222865,11,15,19,20,1,9,26,6,1,9
114795,7,18,28,14,15,28,19,0,6,20
55260,1,25,5,29,22,9,10,26,9,17
55314,29,8,1,13,26,11,0,10,20,4
129303,20,6,2,18,2,4,6,21,28,2
201799,3,4,26,24,7,13,19,13,9,28
84187,19,3,18,3,4,2,7,15,16,18
64418,15,9,23,22,8,5,29,14,5,14
80775,2,24,2,2,14,6,18,24,2,22
130827,29,29,1,13,10,11,27,10,3,6
84548,10,29,8,26,16,9,27,2,3,6
79134,18,11,13,12,28,1,21,25,13,24
25880,5,10,6,27,27,3,3,12,15,8
8269,16,17,20,6,23,29,23,18,18,21
147744,1,25,26,1,22,25,9,0,9,17
645369,19,3,8,3,16,2,7,15,3,18
199953,6,10,16,19,3,20,1,24,15,8
94107,19,3,18,3,4,2,7,15,16,18
54867,11,27,14,1,10,9,26,28,14,9
51259,19,3,18,3,4,2,7,15,16,18
388335,23,25,5,20,10,0,10,26,0,17
84065,10,29,8,26,16,9,27,2,3,18
79064,6,18,11,19,3,24,1,8,19,8
79583,8,11,13,12,25,1,25,17,25,29
642987,10,3,19,3,4,9,7,2,3,18
56063,10,15,8,1,16,9,20,2,3,1
85019,11,15,14,1,1,9,12,28,3,9
84302,23,25,4,4,0,0,20,2,22,19
80195,2,24,22,25,9,20,29,5,2,22
55026,6,5,16,2,27,20,3,24,26,16
64417,11,22,21,20,1,19,26,28,14,9
203197,10,29,19,13,16,9,27,10,3,6
57393,5,10,29,2,27,10,28,16,11,10
140738,7,1,26,29,22,27,14,26,9,28
55116,7,18,17,24,17,25,3,13,6,20
90407,2,24,29,2,9,20,13,3,17,23
93109,22,5,6,24,19,12,19,5,26,28
55092,10,3,8,26,4,9,7,2,3,1
113452,0,4,4,4,0,0,10,26,22,17
148534,19,3,18,3,4,2,7,15,16,18
80021,29,29,1,13,26,11,27,11,24,6
9725,20,6,2,18,27,6,3,21,28,2
55362,10,3,8,3,16,2,7,2,16,18
169200,20,6,2,8,2,6,6,1,28,2
157753,11,15,19,20,1,9,20,28,14,9
84910,27,1,26,18,22,4,9,21,0,28
58986,19,3,8,3,4,2,7,15,16,18
51754,11,27,14,26,1,9,26,28,1,1
9772,10,3,8,3,4,2,7,2,3,18
55217,23,27,14,18,22,4,12,21,3,0
29767,10,29,8,26,16,2,27,2,3,6
9087,10,3,19,26,16,9,20,2,3,18
160335,18,1,28,29,7,25,14,25,0,20
83590,20,6,28,18,2,4,6,21,28,28
126282,23,15,5,26,22,9,20,6,20,1
8795,6,10,29,0,9,7,1,3,15,8
8793,28,4,6,27,7,10,19,13,0,10
51330,10,27,5,26,16,9,20,2,20,1
115650,10,27,14,26,16,9,20,2,20,1
7132,19,3,18,3,4,2,7,15,16,18
8718,6,10,10,24,27,12,3,8,8,16
8742,23,27,19,26,1,9,20,26,14,9
79155,3,4,26,10,17,27,19,13,6,20
10188,9,26,0,9,12,22,18,14,4,11
7138,1,1,14,29,22,13,19,6,9,10
84629,0,25,4,4,0,0,10,11,22,19
7145,19,3,18,3,4,2,7,15,16,18
64759,0,25,19,4,0,0,10,6,22,17
114034,29,15,5,13,26,11,20,10,24,6
10043,27,1,17,14,17,25,9,0,9,20
146691,11,27,3,23,10,9,11,2,3,1
84134,27,18,26,27,17,27,9,12,6,20
401505,5,8,6,0,22,13,28,23,14,0
4796,14,7,3,10,9,26,11,22,7,26
116447,24,21,3,23,7,25,11,11,14,20
7156,16,17,20,6,23,29,23,18,18,21
27348,19,3,18,3,4,2,7,15,16,18
27433,28,1,21,29,7,13,9,13,6,28
64222,5,2,29,17,14,10,1,5,26,8
9760,10,29,1,13,26,11,27,10,3,6
84969,23,15,5,20,1,9,20,28,14,9
58476,24,22,21,20,17,19,8,25,13,20
112858,28,5,6,24,19,12,3,13,26,28
53373,27,1,14,29,17,25,9,0,9,0
219931,19,3,18,3,4,2,7,15,16,18
91978,19,3,8,26,16,9,7,2,20,18
729708,5,25,4,4,0,0,10,26,11,19
11076,10,29,1,13,16,9,27,10,20,6
131601,0,25,5,4,1,9,12,26,20,17
286262,21,24,23,2,12,21,29,24,17,3
8460,27,10,6,5,6,12,28,13,26,16
80305,9,9,9,11,21,22,15,14,4,14
7186,23,27,19,1,10,9,20,2,20,1
10758,25,7,22,8,21,5,13,1,7,12
7189,19,3,18,3,4,2,7,15,16,18
10906,10,27,19,1,16,9,20,2,14,1
10293,1,15,19,1,22,9,9,11,3,17
9881,10,29,1,13,26,11,27,10,24,6
126003,7,1,5,13,22,13,10,0,24,0
83696,1,1,12,29,1,4,26,28,1,9
1787,5,5,10,24,27,3,3,5,26,28
10345,11,27,12,20,1,9,26,28,1,9
55809,19,3,18,3,4,2,7,15,16,18
11277,29,8,6,13,26,27,0,23,24,4
29953,11,15,14,20,1,19,26,28,1,9
10221,28,0,6,17,27,7,28,23,11,8
57761,10,3,8,3,4,2,7,15,16,18
81559,3,1,26,29,27,27,14,12,6,28
9830,5,18,10,2,6,12,19,13,15,10
10626,1,27,26,1,10,28,12,26,22,17
147166,19,3,18,3,4,2,7,15,16,18
6737,11,15,14,1,1,19,26,11,20,9
7706,19,3,19,26,16,9,7,2,3,18
10612,10,15,14,26,16,9,20,2,20,1
22954,5,8,6,0,6,11,0,23,11,4
23087,2,24,16,19,3,12,22,8,19,23
56658,22,2,29,17,6,21,29,3,28,8
80263,23,27,19,1,1,9,26,28,1,9
80128,10,3,8,26,16,2,20,2,20,1
286827,29,8,1,0,26,11,0,23,11,4
117854,11,22,5,20,1,19,26,25,1,9
201292,11,27,12,18,1,19,26,28,1,9
9866,24,21,21,5,17,23,21,25,13,24
55128,29,8,6,29,6,11,0,23,11,4
9322,29,29,1,13,26,11,27,10,24,6
9319,10,29,8,26,16,2,7,2,3,18
51531,11,27,5,1,1,19,9,28,14,0
55621,5,10,29,0,27,10,3,16,8,8
93587,19,3,18,3,4,2,7,15,16,18
55039,5,2,10,0,27,7,14,3,8,8
27037,6,12,23,19,14,24,1,14,7,12
152992,18,11,13,18,25,27,14,16,25,29
115708,19,3,18,3,4,2,7,15,16,18
55006,18,21,21,29,17,28,8,25,1,0
10024,1,22,12,20,10,28,26,11,1,20
7220,7,1,17,14,17,25,9,0,0,17
7222,24,22,12,5,28,23,8,25,13,10
7223,1,4,26,29,7,10,28,12,0,28
54795,18,11,13,12,25,1,21,17,25,29
7442,4,20,7,21,29,14,16,9,29,25
59341,7,1,26,29,22,28,12,26,0,0
8295,11,21,12,5,28,19,8,25,14,24
7249,1,1,5,26,22,28,9,26,9,17
80746,11,27,19,13,10,19,20,28,14,1
80705,22,18,16,14,15,12,1,8,19,16
254187,19,3,18,3,4,2,7,15,16,18
57616,28,0,26,27,17,3,3,12,8,8
25987,22,24,16,25,9,12,18,8,26,16
55815,2,12,11,24,14,24,13,24,17,22
83882,7,4,26,29,22,28,14,12,6,10
441631,10,29,1,13,16,11,27,10,20,1
26262,12,13,24,28,18,16,17,7,2,7
90139,27,1,26,27,19,25,9,0,26,20
340348,14,16,3,23,20,15,11,27,10,27
7102,17,19,15,16,24,17,4,29,12,5
10867,11,27,12,20,1,19,20,28,14,17
706,25,26,9,22,8,22,15,20,5,11
9256,1,27,14,26,16,13,12,26,3,17
7263,18,11,4,12,25,1,21,17,25,29
79573,19,3,18,3,4,2,7,15,16,18
199223,3,5,10,27,6,12,22,13,6,10
153657,10,27,8,26,0,9,7,2,3,19
79989,10,29,3,26,16,9,11,2,3,1
55622,10,29,8,26,16,11,27,10,3,6
64427,15,12,23,9,8,5,29,24,5,14
130502,27,1,26,1,22,25,9,0,6,20
55020,11,21,21,20,28,19,26,25,1,24
158219,1,25,5,1,25,1,21,11,0,17
7268,10,3,8,3,16,9,7,2,3,18
57217,19,3,18,3,4,2,7,15,16,18
145567,22,18,10,0,15,10,28,0,6,10
9654,14,16,3,23,20,15,11,27,10,27
164395,10,15,14,1,16,9,20,2,3,1
7274,1,1,14,29,10,13,9,6,0,17
83869,0,4,4,4,22,0,12,26,11,19
57348,18,11,13,12,25,1,21,28,0,9
7275,19,3,18,3,4,2,7,15,16,18
399942,10,15,1,26,16,11,27,10,20,1
10382,5,2,29,17,6,7,28,24,26,8
84617,1,15,5,1,22,13,12,11,0,17
51175,24,21,21,5,28,23,8,22,13,24
27175,0,0,4,4,0,0,10,13,22,19
85378,10,3,19,3,4,2,7,15,16,18
7286,11,15,5,20,1,9,26,28,1,9
7287,19,3,8,26,16,2,7,2,3,1
286319,10,29,14,26,16,9,27,2,3,1
64852,22,10,29,17,9,21,1,3,19,16
780776,22,5,13,2,15,25,14,17,25,29
51030,19,3,18,3,4,2,7,15,16,18
201158,28,25,26,1,19,3,12,13,22,0
7291,18,25,26,4,17,28,12,6,0,17
56652,29,29,1,13,26,11,27,10,24,6
51061,10,27,8,26,16,2,20,2,3,1
54957,5,0,28,24,6,12,3,8,26,10
10587,10,15,5,1,16,9,10,28,1,1
114112,3,0,26,24,17,27,19,16,0,28
7297,28,1,10,5,17,27,3,25,15,23
494514,24,22,21,5,28,19,8,25,13,24
7301,6,10,29,17,9,21,29,3,19,8
219743,2,12,11,25,3,21,22,8,15,23
55253,27,18,17,14,15,12,19,16,15,23
441250,23,15,19,1,16,9,20,2,20,1
199746,10,27,14,26,1,9,20,2,3,1
124402,1,22,12,20,1,13,26,28,1,9
84959,19,3,18,3,4,2,7,15,16,18
51619,23,27,5,1,16,13,20,2,20,1
118424,6,5,28,24,27,3,1,13,15,23
27338,5,24,29,17,14,12,1,16,19,16
7335,23,4,5,26,10,13,9,0,3,17
89910,11,27,14,20,1,13,20,11,1,9
9690,29,29,14,29,26,11,0,11,24,4
8266,2,12,22,25,3,5,24,14,23,14
22888,11,15,3,26,10,25,11,28,14,1
56893,19,3,18,3,4,2,7,15,16,18
80019,7,18,26,14,10,13,9,0,6,20
127733,5,6,2,18,15,4,6,21,26,2
7347,12,13,20,28,23,29,23,18,18,7
83549,10,3,8,3,4,2,7,15,16,18
7371,29,8,1,29,26,11,0,23,11,4
55293,29,8,1,0,26,11,0,23,26,4
167127,2,12,11,19,3,21,22,24,19,12
7368,23,22,5,5,10,13,9,11,14,0
29128,16,17,20,6,23,29,23,18,18,21
80329,10,15,19,26,16,9,27,2,3,18
25989,20,6,2,8,2,6,6,1,28,2
54986,3,0,6,17,6,10,14,13,26,16
10497,1,27,12,18,10,4,12,21,1,17
219699,15,26,23,9,3,5,15,4,5,3
57578,24,22,12,5,28,19,8,25,14,24
285175,19,3,18,3,4,2,7,15,16,18
81622,10,27,19,26,16,9,20,2,3,1
139596,0,25,4,1,0,0,20,26,22,19
9875,19,3,18,3,4,2,7,15,16,18
9816,6,24,22,25,3,7,13,3,15,22
55665,27,27,26,29,22,25,9,28,0,17
7391,5,5,10,0,19,27,28,16,19,16
10869,19,3,18,3,4,2,7,15,3,18
9099,24,22,21,5,28,19,8,25,13,24
10868,14,16,3,23,20,15,2,27,10,27
23358,6,10,11,17,9,7,13,3,15,8
84749,10,15,19,26,16,9,20,2,3,1
57478,29,15,5,1,26,9,27,10,24,6
84669,1,25,5,1,1,9,10,26,0,17
57558,23,27,8,26,16,9,20,2,3,1
84101,11,27,5,20,1,9,26,11,1,9
159195,3,0,10,24,27,27,14,12,6,28
9098,29,8,12,29,7,3,0,6,14,4
10090,0,25,14,26,0,0,20,2,20,19
84135,11,22,14,20,1,19,26,28,1,9
57654,11,22,12,20,1,19,26,28,14,9
55697,27,5,26,14,17,12,14,23,11,20
6843,10,15,5,26,16,9,20,2,20,1
8674,5,0,4,17,22,0,10,23,11,28
10791,11,22,12,20,1,19,26,28,1,9
8673,10,29,8,26,4,9,27,2,3,18
81839,19,29,19,3,4,2,7,15,16,18
57176,27,18,10,2,19,12,28,16,6,28
22846,1,15,5,14,10,13,9,6,20,0
114990,28,25,4,4,0,13,10,13,22,19
57687,23,8,1,29,22,13,0,6,24,6
10451,10,3,8,3,4,2,7,15,16,18
79609,23,15,8,3,16,2,27,2,3,6
7423,20,6,29,8,2,6,6,1,28,2
389136,6,12,16,19,3,21,22,16,15,23
63894,11,15,12,20,1,19,26,28,14,9
5212,10,29,19,26,16,9,27,10,20,1
7436,0,25,14,12,25,13,21,17,1,0
400673,24,21,21,5,28,4,8,21,9,24
81552,27,1,26,29,22,25,12,0,9,20
55187,23,27,14,1,10,28,9,26,9,1
64601,11,22,12,20,1,19,26,11,14,9
57617,0,25,4,4,0,0,10,26,22,19
112936,8,11,13,12,25,1,21,17,25,29
26276,19,3,8,26,4,2,7,15,16,18
55048,1,27,5,26,10,11,20,2,3,1
155382,19,3,18,3,4,2,7,15,16,18
9605,19,3,18,3,4,2,7,15,16,18
54621,19,3,18,3,4,2,7,15,16,18
7447,20,2,29,2,19,10,28,16,8,0
196740,10,3,8,26,16,9,20,2,20,1
7448,7,15,12,1,17,25,9,0,0,9
64856,1,15,19,1,22,4,9,2,0,17
23078,1,1,26,29,22,25,12,26,0,17
220001,10,27,8,26,16,9,20,2,3,1
10352,5,5,10,27,27,28,19,16,26,10
100287171,23,15,5,26,10,9,9,6,20,20
54838,5,10,29,2,19,3,3,16,19,12
51057,3,0,10,27,27,3,19,5,9,28
91833,25,28,23,22,8,8,24,14,4,14
84219,18,11,13,12,11,1,25,17,25,29
79446,5,5,6,2,27,10,3,12,8,23
253769,23,4,5,20,22,28,12,26,9,17
57539,19,3,18,3,4,2,7,15,16,18
22884,11,15,14,20,1,25,26,11,1,20
10785,5,8,10,0,19,7,0,23,8,4
11152,22,5,17,19,3,24,1,8,19,22
9277,5,2,16,24,6,7,1,3,17,8
151790,10,29,8,26,16,11,27,10,3,6
348793,23,4,19,1,10,19,20,28,1,9
54853,14,16,27,23,20,15,2,27,10,27
54554,1,15,5,18,22,4,12,21,0,17
284403,22,0,28,27,27,25,19,13,6,28
126820,24,21,12,5,28,23,0,11,1,4
144406,0,27,14,1,22,13,20,11,22,17
23335,19,3,18,3,4,2,7,15,16,18
256764,10,3,8,3,16,2,7,15,3,18
79968,1,15,14,29,17,28,9,6,14,17
84292,19,3,18,3,4,2,7,15,16,18
349136,7,1,28,24,27,3,19,12,9,28
197335,0,15,19,26,16,9,12,2,20,17
29062,1,4,28,18,22,28,9,6,9,17
116143,28,0,26,27,17,28,10,13,9,28
23038,10,29,8,13,16,11,27,10,3,6
55093,18,18,28,24,15,27,28,16,25,10
10406,1,27,5,1,22,13,20,11,20,1
7466,24,10,16,10,27,3,22,22,13,8
440253,6,9,29,9,9,21,29,3,5,22
25861,20,6,2,18,2,4,6,21,28,2
7456,10,29,8,26,4,9,7,15,20,18
644150,8,11,13,12,25,1,25,17,25,29
55062,20,6,26,18,19,4,14,21,28,28
58525,23,15,5,26,10,13,9,6,20,17
7480,10,27,8,26,16,9,20,2,20,1
7482,12,13,24,2,18,16,17,7,27,21
81029,10,3,8,26,16,9,20,2,3,1
55135,29,29,1,13,26,11,0,10,24,6
126374,11,27,5,20,1,19,26,28,1,9
23286,15,28,23,19,8,24,18,14,5,22
51741,11,15,5,20,10,19,26,6,14,9
11060,21,7,23,22,21,20,24,19,7,22
56949,8,11,13,12,25,1,25,16,25,29
286046,10,3,8,3,16,2,7,15,3,18
57510,10,25,14,4,0,0,20,2,22,19
23214,11,15,19,20,1,9,20,2,3,1
7517,1,4,5,4,0,0,10,11,22,19
143570,7,21,17,20,10,25,26,0,0,20
64131,10,29,8,1,16,9,27,2,3,18
64132,18,11,13,12,25,1,25,17,25,29
54059,7,22,21,29,7,28,19,13,1,0
54432,19,3,19,3,4,2,7,15,16,18
78992,24,21,21,5,28,19,8,12,13,24
79693,17,23,15,16,24,18,4,29,12,5
55249,19,3,18,3,4,2,7,15,16,18
79740,0,4,6,27,22,3,12,26,22,0
221527,28,6,10,18,6,10,6,12,28,2
7541,24,21,21,1,17,19,9,28,1,20
7709,29,27,26,14,22,13,19,0,24,0
9278,19,3,8,3,4,2,7,15,16,18
7597,23,25,4,4,22,28,12,26,9,0
57684,19,3,18,3,4,2,7,15,16,18
79842,3,0,6,24,19,3,3,12,6,28
403341,1,4,26,29,22,27,12,13,9,17
9880,9,26,9,25,8,5,16,14,5,14
84878,20,27,26,18,22,4,12,21,0,28
140685,27,18,17,10,7,25,28,12,6,10
92999,27,4,5,29,22,25,9,0,20,17
3104,19,3,18,3,4,2,7,15,16,18
166793,10,29,19,1,16,0,27,10,20,1
10773,28,1,6,29,7,25,3,12,26,28
51341,7,1,17,29,10,25,9,0,6,0
653121,24,22,12,18,22,4,14,11,14,28
728116,12,13,24,28,18,16,17,7,27,7
79696,10,27,19,26,1,9,20,2,20,1
84872,1,27,19,1,1,0,10,11,1,1
340554,2,24,11,25,9,24,29,8,17,22
23144,9,14,7,7,13,8,16,20,21,25
92092,1,27,19,26,25,9,10,28,0,17
55906,15,26,9,25,12,5,18,14,23,22
644353,10,3,8,26,16,9,20,2,20,1
219654,23,29,1,13,26,28,0,6,20,6
55063,29,8,1,13,26,11,0,23,24,4
152098,19,3,18,3,4,2,7,15,16,18
29800,7,1,26,27,22,27,19,12,0,28
79844,1,27,5,1,22,9,10,2,9,17
653082,1,1,14,1,22,13,20,6,0,17
79683,22,18,17,24,15,10,14,23,26,10
158866,23,27,5,1,10,9,12,2,20,1
84287,0,25,4,4,0,0,10,26,22,19
84243,15,28,9,9,13,22,15,14,4,3
51201,10,27,19,1,16,9,20,2,20,1
283576,19,3,18,3,4,2,7,15,16,18
254359,29,8,19,4,26,0,0,26,22,17
25921,10,15,19,26,10,9,20,28,20,1
29801,21,7,23,22,11,26,24,19,7,12
10444,10,27,8,26,16,9,20,2,3,1
130617,16,17,28,6,23,13,23,18,18,21
85446,28,5,28,0,6,10,14,12,8,10
162239,3,0,17,24,27,27,28,13,19,23
80108,21,7,16,10,11,26,25,5,2,26
140612,11,22,21,20,1,19,26,28,14,9
124961,27,1,17,1,17,25,26,11,14,9
7538,19,3,18,3,4,2,7,15,16,18
55734,10,1,5,29,10,9,20,11,20,1
65243,10,29,1,13,26,11,27,10,20,6
284406,1,27,5,18,17,4,26,21,0,28
7542,28,4,28,18,10,28,12,12,0,0
23217,10,29,8,13,16,11,27,10,3,6
53349,0,0,4,29,27,0,28,12,11,28
84936,19,29,8,26,16,9,27,10,3,6
23503,21,28,22,25,12,26,24,19,2,3
118813,11,27,12,20,1,19,26,28,14,9
55345,10,3,8,3,16,9,7,15,3,1
22882,5,24,10,10,12,20,11,3,15,8
23051,1,1,26,0,22,13,12,26,0,0
7546,2,24,23,2,9,7,18,3,19,8
7547,24,1,12,20,28,28,8,6,13,10
85416,5,10,29,17,19,12,22,3,8,8
342357,11,15,14,1,1,19,26,28,14,9
80317,23,15,14,20,1,9,20,11,20,9
387032,11,27,5,26,16,13,20,28,3,1
55888,11,21,12,20,1,19,26,28,14,9
7745,1,25,4,27,10,28,12,26,22,17
83637,19,3,18,3,4,2,7,15,16,18
9203,1,22,4,1,1,19,12,25,1,0
9204,8,11,13,10,25,23,21,22,25,29
116225,0,25,5,1,0,9,20,11,0,19
7556,10,29,14,20,16,9,27,2,3,6
94039,19,3,18,3,4,2,7,15,16,18
163071,19,3,18,3,4,2,7,15,16,18
7692,1,27,14,26,10,0,20,11,20,1
7694,19,3,18,3,4,2,7,15,16,18
7695,5,10,10,17,19,10,14,12,11,8
7561,24,21,12,5,17,19,26,25,14,28
7701,19,3,18,3,4,2,7,15,3,18
7711,7,25,5,29,10,13,12,6,0,17
7564,7,1,26,29,28,19,9,25,1,20
7718,29,29,1,13,26,11,27,10,24,6
169841,2,2,16,0,12,7,28,3,15,8
7565,10,27,8,26,16,9,20,2,20,1
7727,18,1,5,1,10,28,10,11,9,0
7728,10,29,19,13,26,11,27,10,24,6
7566,23,8,6,27,22,13,26,6,0,0
7733,19,3,8,3,4,2,7,15,16,18
7739,10,3,8,3,16,2,7,15,16,18
7567,28,4,17,27,7,27,19,12,9,10
7753,23,27,5,26,16,9,20,2,20,1
7755,11,21,5,1,28,23,11,22,1,9
10520,24,21,21,10,28,23,11,22,13,26
7988,7,4,28,27,17,25,9,0,9,0
7760,20,6,21,18,2,4,6,21,28,2
7761,29,8,1,13,26,11,0,23,24,6
7762,16,4,20,6,23,29,23,18,18,17
7638,23,27,5,26,1,19,26,28,14,9
7766,29,29,1,1,26,11,27,10,24,6
7768,20,6,2,8,2,6,6,1,28,2
7770,8,21,21,12,25,23,21,25,9,10
7772,11,22,5,1,1,19,26,28,1,9
7571,5,0,28,27,17,27,3,12,6,28
7773,25,7,23,22,14,26,24,19,7,12
7775,19,3,8,26,4,2,7,15,16,18
353355,1,15,5,1,26,13,9,6,20,17
10780,16,17,20,6,23,18,4,18,18,21
9310,23,1,26,20,17,13,9,11,0,17
8187,19,3,8,3,4,2,7,15,16,18
219749,15,9,22,9,12,21,29,4,5,12
58500,24,18,6,27,28,27,14,25,13,20
10172,20,1,10,27,19,4,3,13,9,28
9422,11,22,12,1,1,19,26,28,14,9
10781,1,27,5,1,10,9,20,28,24,1
10308,29,8,6,0,27,7,0,23,11,4
10838,10,29,8,26,16,9,20,2,20,1
92822,10,29,8,26,16,9,27,2,3,1
7576,24,22,21,5,28,28,8,25,1,28
55609,10,15,5,26,16,9,20,2,20,1
54816,10,15,8,26,16,9,20,2,3,1
8427,19,3,18,3,4,2,7,15,3,18
284349,5,5,28,17,15,12,3,23,8,10
57336,11,22,12,20,1,28,26,6,1,9
90075,23,22,14,1,1,13,26,6,14,17
57343,11,27,5,20,1,13,20,28,1,9
282890,0,25,4,4,0,0,26,26,1,0
57567,19,3,18,3,4,2,7,15,16,18
79692,23,15,5,18,1,4,26,21,1,17
25799,10,15,5,1,16,9,20,2,3,1
388569,3,18,10,24,19,27,19,13,15,10
79673,23,4,14,1,22,28,9,26,3,9
63925,26,14,9,7,5,8,16,4,4,11
80778,19,3,18,3,4,2,7,15,16,18
79175,3,8,6,24,6,27,28,16,26,16
25850,22,10,10,17,14,10,28,24,17,8
23567,24,1,12,5,28,19,8,25,13,24
22891,11,27,21,20,1,19,26,28,14,9
84911,29,29,1,13,26,11,0,10,20,1
171017,23,27,5,26,10,9,10,26,0,17
25946,19,3,19,26,4,2,7,2,20,1
151126,11,22,21,5,28,19,8,25,13,24
346157,0,4,28,4,10,13,9,26,14,17
55893,27,1,17,14,17,25,9,0,6,20
252884,27,4,26,27,15,27,19,6,9,0
57541,6,10,6,27,7,10,19,13,6,10
55628,10,3,8,26,16,2,7,2,3,18
79797,29,29,1,13,26,11,0,10,24,6
7592,10,29,19,26,16,9,27,2,20,1
84330,7,4,17,14,10,25,9,0,9,20
55659,0,25,14,29,0,13,12,11,22,17
147687,10,3,19,26,16,9,20,2,20,1
147686,19,3,18,3,4,2,7,15,16,18
147923,11,27,12,1,1,28,26,28,1,9
80818,27,21,26,0,7,23,19,22,6,10
220929,5,2,29,17,19,12,13,24,26,16
90594,23,15,5,26,16,13,20,28,0,17
126070,5,0,6,2,6,3,19,12,6,28
10224,1,27,5,1,1,9,10,2,0,1
55663,1,27,14,26,22,13,20,26,3,17
203523,8,11,26,10,25,23,3,17,25,26
7596,5,8,29,29,19,7,0,13,26,4
10794,24,21,21,5,27,23,8,25,13,24
92283,1,4,26,29,22,25,14,21,0,0
90333,0,25,4,4,0,0,10,26,22,19
388566,10,3,19,3,16,2,20,2,3,1
25888,16,17,20,6,23,16,4,18,26,21
220992,22,0,28,24,17,24,19,16,6,23
642819,2,5,29,17,12,21,29,3,15,8
57474,5,1,26,27,22,27,10,26,11,17
126069,11,22,12,1,1,19,9,28,1,0
84838,11,22,21,5,28,13,26,25,14,9
26048,8,11,13,12,11,20,25,17,25,29
22869,1,4,14,1,10,13,10,26,22,17
57473,27,4,17,29,22,25,9,0,6,20
130557,5,18,6,0,6,3,19,13,8,10
340385,1,27,5,26,22,28,9,11,9,17
170958,10,15,8,26,16,9,20,2,3,1
116115,23,21,21,5,17,28,8,28,14,9
57711,2,18,11,14,3,24,18,8,19,22
348327,1,27,14,29,22,28,12,6,3,17
147658,19,3,18,3,4,2,7,15,16,18
9745,11,22,21,5,28,19,26,25,14,24
125919,1,27,14,1,22,9,20,26,20,1
339327,11,15,26,29,1,19,26,28,1,9
284306,16,13,20,6,23,16,17,18,18,7
147694,23,27,5,26,22,9,10,11,3,17
256051,11,15,1,20,22,9,20,11,1,9
162972,10,15,14,13,16,9,27,11,24,6
79818,19,3,18,3,4,2,7,15,16,18
115196,21,12,22,19,12,26,18,14,23,22
148254,1,1,5,29,17,13,10,6,0,17
79230,14,16,3,23,20,15,2,27,10,27
84527,4,20,7,21,29,14,5,9,21,25
93134,19,3,8,3,4,2,7,15,16,18
147837,11,27,5,20,10,19,26,28,14,9
163050,6,2,29,19,9,7,13,3,8,8
148266,10,3,8,3,16,2,7,15,3,6
126295,24,21,21,5,28,13,26,28,1,0
51276,22,10,11,2,9,7,1,3,8,23
137209,11,27,19,1,1,19,26,28,1,9
126231,21,24,16,22,14,26,24,19,2,22
64763,18,0,28,18,22,1,12,21,0,0
79177,23,25,5,26,16,9,12,11,3,1
84765,1,22,6,0,7,13,12,6,11,0
147660,1,27,14,4,22,28,10,26,22,17
163033,11,25,4,20,1,19,26,28,14,9
51545,19,3,18,3,4,2,7,15,16,18
147948,0,25,4,4,0,0,10,26,22,19
201514,10,29,1,13,26,11,27,10,3,6
92285,7,1,17,14,22,27,9,0,0,0
100293516,1,8,4,29,22,28,12,6,9,0
51385,11,22,5,20,1,19,26,11,0,9
9640,1,15,5,26,10,9,20,6,3,1
84622,27,18,26,14,17,25,19,16,6,20
152687,2,12,11,19,3,24,13,8,19,22
169270,28,1,17,27,17,28,9,13,6,10
146434,10,29,8,26,16,2,27,10,20,18
90850,19,3,18,3,4,2,7,15,16,18
162966,19,3,18,3,4,2,7,15,16,18
84775,19,3,18,3,16,2,7,2,16,1
162963,28,4,12,27,27,23,9,22,9,28
79898,22,8,6,14,15,7,3,16,15,4
90317,7,18,17,14,15,25,19,0,6,10
285267,22,2,10,2,19,10,1,24,15,8
9831,29,29,1,13,26,11,0,23,24,6
57547,10,3,8,26,4,2,7,15,3,18
90589,19,27,14,26,16,2,20,15,3,1
121274,19,3,18,3,4,2,7,15,16,18
9726,19,3,18,3,4,2,7,15,16,18
65251,10,29,19,1,16,9,27,10,24,6
115950,19,3,18,3,4,2,7,15,16,18
26149,11,21,14,20,1,19,26,28,1,9
401509,1,1,17,14,7,13,9,0,9,20
79788,1,22,26,20,25,4,21,25,0,24
79759,19,3,8,3,4,2,7,15,16,18
93474,19,3,8,3,4,2,7,15,16,18
79891,5,1,6,14,10,3,19,13,11,0
79894,19,29,8,26,16,2,7,2,3,18
339500,5,8,10,0,19,7,28,12,8,16
127396,2,12,16,25,9,21,22,3,19,22
57592,0,27,4,4,0,0,10,26,22,19
146542,1,15,5,26,22,9,20,2,0,17
115509,0,25,4,1,0,0,10,26,22,19
7620,20,6,2,18,2,4,6,21,28,28
51058,1,27,5,1,16,9,23,18,20,1
55657,23,27,14,1,16,9,20,2,20,1
57116,7,4,28,1,17,13,9,6,0,0
79943,28,5,4,27,17,27,19,12,9,28
90874,2,2,29,17,3,20,13,8,19,23
374879,1,29,19,1,16,0,20,26,20,1
7621,10,29,19,26,16,11,27,10,24,6
55762,2,24,11,19,3,26,29,8,19,23
79986,23,27,5,1,1,9,20,2,3,1
80139,18,11,13,12,25,1,25,17,25,29
286075,16,17,20,6,23,29,23,18,18,21
58491,2,2,16,0,6,20,1,13,15,16
374655,14,21,3,4,22,23,11,16,11,0
349075,12,13,11,28,18,16,3,7,27,7
100131827,27,18,11,24,14,12,28,8,8,26
255403,23,27,19,26,10,28,20,2,20,1
440519,20,21,12,18,27,23,8,22,13,28
654254,19,3,18,3,4,2,7,15,16,18
283337,21,7,23,10,11,26,24,19,2,22
155061,11,27,14,1,1,9,20,28,14,9
65988,11,15,5,26,1,9,26,6,3,1
7629,24,22,12,20,28,19,8,25,13,24
388561,10,29,8,26,16,9,27,10,20,6
284390,10,29,19,26,16,9,27,10,16,6
92595,19,3,8,3,4,2,7,15,16,18
79970,20,1,26,18,10,4,12,21,9,0
79724,0,25,4,29,22,0,12,26,22,0
58492,19,3,18,3,4,2,7,15,16,18
51333,3,10,10,2,6,3,28,5,8,8
400720,19,3,18,3,4,2,7,15,16,18
342132,19,3,18,3,4,2,7,15,16,18
285971,15,24,23,9,21,5,29,14,23,3
27153,10,29,1,26,10,9,20,11,3,1
197320,23,27,12,26,1,9,20,28,14,9
284323,9,14,0,7,13,14,15,20,4,25
158431,19,29,8,26,16,2,7,2,3,18
100289678,28,4,14,27,22,28,12,12,9,17
147808,19,3,8,3,4,2,7,15,3,18
146540,1,1,5,27,22,27,9,6,9,10
136051,28,5,10,0,19,3,3,12,15,10
126208,10,29,8,26,16,11,27,10,3,6
7633,5,0,14,27,10,13,12,26,11,0
126375,11,27,19,26,1,9,20,2,3,1
390980,19,3,18,3,4,2,7,15,16,18
347344,11,22,14,1,1,19,26,28,14,9
126017,14,16,3,23,10,23,11,27,10,27
55552,21,2,16,8,9,6,22,1,17,2
374899,19,29,8,26,16,2,27,2,20,6
162962,22,18,28,4,25,27,28,13,25,10
55778,3,21,21,5,27,23,8,22,13,24
284371,1,4,5,27,22,28,12,26,0,17
91664,1,15,5,26,22,13,9,0,0,17
162993,16,13,20,6,18,16,23,7,18,7
7639,3,1,6,24,7,27,3,12,26,28
342892,23,27,6,1,22,28,0,26,0,0
285346,1,25,28,29,0,13,12,26,11,17
643641,11,15,5,20,1,9,26,11,14,9
169834,20,6,2,18,2,4,6,21,28,2
57169,10,27,8,1,16,9,20,2,20,1
741,28,25,28,29,0,28,12,26,22,17
80862,0,4,4,27,10,0,12,12,9,28
223082,23,4,5,26,10,13,10,6,20,17
284312,20,6,2,18,2,4,28,21,28,2
9753,28,1,6,27,7,3,14,6,0,28
54993,27,1,28,29,19,27,12,26,6,28
7579,1,15,5,1,22,19,10,26,0,17
7589,5,10,10,2,17,12,28,12,26,10
222696,2,18,29,24,9,3,22,8,15,23
221785,5,0,10,4,27,10,28,23,26,10
64288,21,24,22,19,14,24,22,24,15,12
79149,1,4,6,29,19,27,28,26,6,10
90204,24,22,12,5,28,19,8,25,14,24
140831,7,15,26,29,22,25,19,0,0,20
65249,0,25,4,4,0,0,10,6,11,19
23053,11,22,21,5,28,19,26,28,14,24
158586,19,3,18,3,4,2,7,15,16,18
79364,5,0,10,29,19,12,28,13,26,10
23140,0,0,28,29,17,27,12,6,11,28
