PPI_General_Biogrid 
 genes: 9800 
 interactions: 211451
 density: 0.004403843790807475

MI_General_KEGG 
 genes: 886 
 interactions: 18543
 density: 0.047296935378964684

GI_General_BIOGRID+Rohusher 
 genes: 4486 
 interactions: 14017
 density: 0.0013933600434598709

COEX_General_CoexpressDB 
 genes: 9834 
 interactions: 1267771
 density: 0.02622132091177908

