PPI_General_Biogrid 
 genes: 7031 
 interactions: 136907
 density: 0.005539661482890342

MI_General_KEGG 
 genes: 608 
 interactions: 10143
 density: 0.05496726784011099

GI_General_BIOGRID+Rohusher 
 genes: 2665 
 interactions: 8148
 density: 0.00229535351486571

COEX_General_CoexpressDB 
 genes: 7128 
 interactions: 782025
 density: 0.03078762462093457

